500
-68.358194 45.872170
-27.848015 79.991317
11.213450 -178.428329
84.495499 122.302316
0.623312 72.955502
-32.631192 -36.332160
44.744488 6.970635
19.572847 -91.578449
27.613267 -97.165961
-30.002038 130.108698
21.177685 62.476632
-1.658552 -43.457477
36.644188 -137.626431
36.112419 -120.466992
24.437993 -46.570570
-57.185822 27.431688
-20.724383 -127.150456
26.054447 64.002937
6.777988 92.995582
-46.178831 89.412352
47.476204 47.634597
56.230374 -101.377047
81.182077 -140.781508
4.706394 -34.602499
-0.683797 133.377442
53.940234 -2.146182
-53.522449 112.269619
-20.741281 12.348965
76.331119 26.604726
-27.614733 -103.815837
59.570332 -85.001008
42.926487 171.741998
38.957456 -66.915920
87.076949 49.416524
6.565406 -43.074023
-8.454787 150.607655
24.679952 137.771082
-8.125752 -19.971550
-89.694903 -83.842830
27.424444 61.152653
-13.675914 -32.271400
28.356926 -116.282743
-61.200428 -91.848231
-87.673195 44.776666
38.426008 157.144280
-32.912098 -76.168342
35.160481 25.928446
9.342413 -28.971521
-5.315611 117.607602
-88.318034 -155.481619
-20.216030 -165.968037
5.323310 -22.780657
-8.662833 -4.936568
-82.711851 -15.768352
-22.773579 43.650878
45.868976 -162.897232
9.815933 119.550102
-28.684030 -42.260170
-34.932660 158.225136
-50.111042 -42.168256
-8.051107 -104.433698
-33.495630 69.219512
-18.243014 121.269167
-34.521258 96.051868
-3.840009 6.037020
-7.662800 -178.560553
-74.406096 -36.136631
45.597245 -136.620986
-43.154136 -63.504813
22.693866 53.287800
-43.641731 -157.061007
74.875554 133.915753
-7.739258 51.134506
-48.712630 -106.821403
44.884723 -2.054729
-60.103828 -32.602611
52.433050 -55.557968
-48.284605 -140.070302
52.127125 -9.433279
-25.371421 -100.333339
28.834984 127.605704
81.841213 -12.678699
-10.878463 -15.022806
13.569051 157.331294
-35.146707 117.227364
-81.562147 -53.634948
17.935084 32.943486
8.809023 149.309621
-4.697485 -36.056286
6.889362 -1.047173
82.635958 113.704366
-89.479562 -62.251792
-82.304907 22.792671
10.153819 -104.265381
71.592410 33.710123
-80.095824 113.657242
-21.595395 54.409076
46.220419 60.025397
-17.031481 121.680448
-59.863797 172.030010
86.407021 82.038232
-65.043201 34.356510
24.588306 -18.037638
36.480307 -161.759311
-14.432515 154.952560
-2.943742 -76.265637
-36.177993 129.837916
9.281554 142.760049
72.536321 -93.032712
13.581908 29.386665
-15.969379 -137.926766
2.407151 88.060597
32.831974 -5.490330
1.220624 -119.706018
-62.666248 153.297329
-88.216055 112.023977
83.277042 103.056775
81.317104 -177.368226
39.899200 -27.717603
66.711721 -120.130450
-54.008550 -170.061722
66.817190 28.531543
-55.266167 126.671694
-73.963352 -150.490996
-26.224136 119.319434
27.744212 19.009861
23.911930 -49.598148
-59.618791 -140.750025
-70.634590 -127.855351
-0.416462 -176.258063
-79.666809 -75.748515
-79.069132 45.790919
-88.614702 -128.334379
31.906652 -108.505134
-63.766787 177.353042
-9.547342 -76.608988
50.572150 -91.461366
54.212219 -35.945571
-84.516682 -70.889776
-58.431942 -139.631584
38.819302 52.028653
-61.249448 -36.175700
27.933800 99.741896
-75.856066 -139.147233
-30.155159 104.190532
42.264588 -164.781362
-63.887590 33.416922
9.840096 -37.216229
-34.095883 -162.636338
51.027944 48.867341
-20.250050 155.861754
-59.948850 -26.560983
-32.655978 120.863387
44.699479 -4.625620
1.231225 -42.801265
-46.457146 -81.425583
-57.993448 -6.422410
65.584398 174.853939
-14.736764 56.663463
-85.253306 176.780204
-3.213904 157.497951
-82.214185 0.786356
-47.166957 119.365103
59.224905 125.150287
-65.749889 -178.616938
-39.743827 19.985898
-4.174321 26.128453
89.851758 -60.054905
69.026364 7.027101
-46.273456 24.055475
-1.675271 -125.288311
68.002734 128.036981
9.429271 -26.530407
45.899353 112.443827
-29.705242 138.203145
-7.423972 -30.384290
-86.261787 -77.386253
19.084535 175.549652
-78.057591 -51.355372
52.420658 -141.087156
-22.531380 62.950386
-82.514518 -114.060001
19.752608 -55.070260
-57.127048 73.653065
15.374895 137.424486
-42.077839 67.712805
-53.506413 43.630505
35.510430 99.641322
-67.067673 170.903387
18.947315 59.359725
75.748671 102.550948
-23.690925 158.014410
8.467692 169.245216
-43.740247 -111.640873
-35.118088 143.744176
-61.753611 -59.548759
35.276810 41.378085
-30.129722 -69.556487
-89.421134 6.718290
-74.665168 -84.700013
81.423948 -100.278389
-61.753468 -57.019071
69.283370 18.230857
14.332310 126.736463
65.596856 77.107188
-16.500962 103.098960
57.792004 39.975440
32.470649 -173.177579
13.805900 -163.449632
3.146256 34.711302
48.335128 60.144473
64.154904 39.737177
-20.736178 -22.256211
12.481997 -20.388533
80.448693 63.350419
70.137939 -159.067995
14.071689 2.039294
89.180995 -147.963773
59.190200 95.888578
84.062161 24.005318
12.817437 -16.506987
66.051512 -124.163292
-69.714554 73.095778
-33.802475 -89.261632
-45.996880 -41.244791
-25.523352 -68.900075
45.312728 177.421520
-30.283813 143.968393
-9.636143 68.082156
-5.521458 -96.986638
7.771558 -117.451082
-18.723765 -61.798766
-38.206832 -73.242865
18.596794 155.902898
-49.786160 44.263122
34.597311 106.042030
-84.002278 96.505305
42.305614 5.478685
-73.134565 95.205503
53.424557 143.063931
85.808995 165.196340
35.404498 -19.970649
-31.775630 -46.751810
-74.569572 73.177044
20.868740 159.612627
5.068679 14.029439
65.947639 169.920905
41.549715 25.203220
48.019184 59.587265
-83.191080 76.596480
31.022333 170.981612
-5.120487 -53.171092
52.298158 -176.556114
75.182787 -10.516428
61.250881 -80.882413
-0.827518 -79.863622
-19.988134 154.088038
49.756280 20.599561
-41.753189 -68.094647
-5.269802 3.932919
34.778595 94.686886
57.428792 -113.274073
61.528717 -174.761634
7.750317 -119.175950
-77.102932 -149.497348
77.895752 151.824152
-89.889055 174.389676
-79.492603 -20.289227
66.206407 -172.308606
35.579004 -162.557082
40.520445 -147.071900
82.107454 -150.170499
28.617532 27.392489
80.030183 -35.776672
-30.030053 135.891835
-62.955356 -119.423812
44.692062 84.571679
-63.469378 126.019394
78.391196 143.964088
-69.038230 -134.660492
-29.716577 132.655768
76.976957 37.037912
-8.635224 -15.823348
-57.404467 37.362344
82.963159 -53.285242
38.087508 -84.801386
-26.302905 -39.660614
41.665362 -114.101575
39.005022 -85.182457
-56.434044 71.319232
-27.649609 16.412786
84.772526 72.626170
-12.900636 12.455966
7.941155 17.557027
70.235643 -173.744691
-50.345692 166.927989
74.358147 -18.627906
-33.796212 12.081184
-46.567213 31.342002
59.435467 24.118989
-2.145228 38.127249
-31.627475 -56.641861
-89.120872 -56.531661
-39.245697 97.267064
51.783358 37.043081
2.441500 -140.853346
49.554974 13.799314
-73.100323 -57.474129
20.010151 -95.229241
37.747558 112.118346
87.972330 2.423938
86.740588 122.454866
-8.576225 -39.890178
-84.849732 -93.235793
-87.191122 119.903759
10.751411 165.760473
-20.930701 7.590489
-50.258177 119.637900
34.853318 87.798559
-67.270057 8.966308
32.348825 160.707844
-83.971043 -76.883477
-37.889121 -117.851399
46.618519 74.005013
83.024764 103.730521
-85.732264 -141.112964
-70.434662 -40.889681
-4.455266 18.912623
-76.813674 74.010515
65.640921 161.128225
4.505271 141.928587
19.720808 -145.924186
-82.095845 -116.873717
-50.632838 -32.849971
-68.306615 109.021104
-70.238289 92.861494
30.250055 -32.916386
-24.569529 -40.470486
-11.883713 144.751392
-34.746625 -135.478759
-67.425077 32.760256
27.707178 -65.894980
-34.887629 -10.510150
49.335607 65.307652
37.517735 -155.313264
34.536339 14.338977
-0.618692 4.477094
77.649431 -15.193070
-42.629414 -178.637513
46.774576 111.018747
-2.954880 -73.217950
43.516710 114.472400
86.152591 135.543328
-25.156737 156.312138
89.431886 -122.935528
-79.519500 -1.960030
-34.043087 115.419074
10.474563 -65.821041
-30.041709 127.790869
27.384530 80.531736
42.216933 17.996726
51.378619 160.266234
-44.190989 46.996882
-22.090082 -91.384327
-14.796260 -94.405950
67.154796 -170.253788
77.748689 128.865637
-44.724298 2.682493
-77.579439 -32.940118
51.751517 179.485238
47.771085 -85.451631
-68.823354 4.102743
33.222396 55.941810
40.918612 -167.976019
-43.673225 15.047211
-36.422594 2.213501
73.601874 119.002882
-6.450654 15.871079
89.044541 98.735404
-55.821269 -13.200288
-16.341580 -144.407857
84.318085 -63.348496
-20.278420 -130.477665
32.732233 108.954169
-21.497812 96.999072
-86.185625 136.748565
-38.103722 -68.978066
20.010261 166.923023
3.218601 138.445421
-71.199209 101.811944
-20.888143 -99.162147
60.407698 -75.544048
-42.146650 -16.379377
32.582919 -144.604454
34.521346 65.629135
-41.821563 -109.308469
-73.381833 47.426876
-76.266056 -95.256852
-18.623415 -4.553581
12.760750 -87.674369
-63.363484 -127.865608
54.839379 27.348188
-39.813935 160.894109
36.634603 -42.229888
-21.594055 75.054351
-15.550066 -143.302345
3.318503 95.599241
-10.469778 -110.627764
78.219550 104.717699
57.601413 7.409773
60.926971 -164.402184
-59.533401 48.590494
17.117528 -130.526615
8.393671 -172.058537
73.776968 -157.646323
28.938361 -150.019582
84.051878 -150.391999
47.173407 7.953936
-23.440900 176.109257
63.556533 2.636009
87.840884 -140.238448
-64.451484 132.535653
-14.840703 -173.617001
87.856602 -38.579332
31.018408 -165.021347
-18.006647 144.993761
31.962979 24.385299
-39.047102 -133.230920
48.815264 141.215763
-84.300631 8.825579
8.941558 77.847596
-77.262020 153.967612
-29.434614 156.078459
-54.060103 -84.966239
-18.883733 -55.473976
30.663702 -16.856959
2.820798 23.480153
-5.690816 -167.387208
-79.491002 20.562910
-20.891368 -123.633724
47.272069 62.514479
-78.159140 151.480934
-29.992694 141.709160
-74.278970 8.131508
80.771922 -32.013629
28.050559 -47.260585
-5.942582 -15.974656
72.336852 -105.350840
86.683495 90.774216
66.597319 152.572149
27.292864 -125.323957
3.289226 -162.839341
-62.085055 -96.066327
20.189787 -106.494621
-4.366325 118.996789
23.792633 -48.622151
15.413136 -79.198129
-8.976454 -111.768872
-50.405391 -68.831313
5.396679 64.544975
-78.234058 99.170977
-38.665596 126.884048
-57.398866 -70.890185
20.621123 -47.503021
-68.453823 175.390706
29.025464 -38.583919
38.156005 75.405014
83.119024 -87.062301
-11.306664 114.956796
-60.775085 -67.773743
-36.963061 128.312596
58.958503 -56.623550
89.476007 -129.562775
72.985416 -87.817847
-79.269585 -155.592383
5.353661 -100.000228
-12.602082 130.294445
-80.157999 -89.519200
-39.326250 -145.938079
-24.188953 -130.550944
55.585667 118.092115
28.419515 140.188641
27.476948 41.775172
28.801653 129.508858
-63.717943 46.608327
58.739895 -4.263367
32.781955 8.067402
-85.611037 -60.797878
35.617773 89.593137
-26.471008 74.731962
18.291216 67.722004
68.263471 164.003154
-47.449556 -85.219553
76.998116 140.524925
70.762226 -149.328467
80.321690 -78.956037
63.035166 52.564245
17.884963 -2.913389
-17.721082 110.560232
-48.879332 -28.205510
-16.698853 -140.739332
-64.333254 -176.409124
6.000662 98.233217
-66.906814 116.678093
22.582559 -7.981374
2.215877 33.330914
32.471144 160.655296
57.944486 -18.208358
-49.767762 -38.929709
56.660719 123.154431
81.595891 129.174049
-89.213755 75.006945
18.502835 -70.114912
55.608422 -86.244946
-40.187464 133.992308
-25.463828 -177.995857
64.710979 -76.232679
-89.556790 -28.992408
-77.544891 80.150872
35.985641 -174.714802
-18.933225 -66.474449
-8.977132 -127.536475
7.835842 36.974496
-37.066546 -32.126561
-16.517136 116.836058
-19.267177 0.581288
6.392054 101.355307
50.027334 -10.627301
-66.256401 -20.851289
3.689576 -165.364212
-72.958050 -79.305080
3.127938 -39.744986
58.253463 157.648726
46.384481 84.374351
-30.913691 -40.031208
-65.266296 -160.855187
73.121657 168.726188
63.393017 -13.993514
43.932994 -114.574380
83.867282 -45.598583
-4.885281 82.069288
43.740557 114.510191
57.876613 -5.937241
-58.175115 -129.613362
-45.032370 -93.537049
56.555622 88.091837
-6.672813 57.623142
11.533545 73.185602
66.525257 158.362829
22.826101 72.030112
-32.259227 -161.411308
-67.961786 158.651574
-50.401727 125.852120
-10.407382 60.909338
18.711693 120.630822
-44.455446 -8.712495
-41.196132 -10.065358
-34.393488 -161.462621
75.535320 24.844530
5.171554 49.563747
-78.452995 8.969348
4.670994 -166.536783
29.193970 -66.344273
-22.049282 22.719309
46.131539 54.733847
13.287807 0.072885
-50.017374 -145.053247
-70.515889 -44.134318
-68.851948 -178.855014
77.021602 5.983591
-41.439205 -83.599478
-87.457437 24.866330
77.300397 2.087756
56.319077 -153.852282
-81.587874 -82.699694
-81.895752 -72.034306
42.032393 63.239919
2.263130 150.407843
74.114039 98.748703
85.466951 45.117492
-64.606801 -15.383222
-70.754876 -114.290927
-74.021155 -92.499902
-6.711108 124.013167
64.070696 106.489269
22.851601 -80.483067
11.007905 12.465681
34.330922 -70.094759
-49.963125 163.023177
21.062563 87.219297
-59.174587 -175.906061
-51.731533 52.836630
20.958584 -39.770262
71.044414 -11.153620
-89.158264 -22.602724
-49.034436 35.327767
71.932755 -32.628814
-21.368623 83.080170
40.403544 -32.747534
-43.773020 103.125827
12.542095 22.242544
7.210569 -9.911753
-59.039802 152.499674
-22.219161 -8.838308
-1.310861 94.528563
-82.153275 -164.490023
-40.428652 147.107363
23.397746 62.490998
-21.976186 42.553243
70.067959 -2.681382
18.763409 -97.468871
-36.231426 179.824564
-80.488856 37.731034
53.187632 -106.737836
59.546234 157.789884
65.313927 -23.538848
38.786170 11.781274
-71.354397 123.391369
-87.513964 116.488402
27.133088 135.229766
56.112903 -178.362753
2.884535 168.185912
-43.152734 -72.011380
-58.535373 72.388991
87.377141 -107.283312
34.381686 9.521180
-74.928889 -176.066022
-76.600627 -165.872811
-28.422416 64.910206
21.950488 108.235587
66.538774 -102.453958
21.160725 70.568244
-42.703601 -171.854592
-65.529882 154.007588
-57.780420 -132.436494
79.706013 106.778896
-56.692104 -76.252611
-39.703614 32.955491
28.053249 -93.856271
-30.210321 51.051645
0.784403 -102.293582
2.072708 -5.544203
55.249340 138.966070
88.147103 -155.523397
34.757221 -127.520612
26.366513 27.583761
8.542874 -57.406218
-74.373139 167.386683
42.914337 -123.015934
73.179852 -118.782166
-81.210031 109.221226
-7.092379 10.125563
19.679037 -110.648663
-1.359085 -92.970167
-57.119988 -79.469571
62.670105 86.237940
-1.070081 -79.018935
-85.109795 -9.333195
17.035825 -71.270737
-52.883237 -133.672911
-1.294459 -43.753419
-8.861767 -12.494376
-62.708016 -136.343801
81.132800 -50.142890
51.092299 17.836982
-87.113903 -66.000400
-89.813401 168.673128
-22.918046 104.295433
1.740814 112.139937
49.735259 -4.131959
52.015724 52.271404
-84.135483 104.025152
66.608984 137.472625
29.430772 147.097668
4.031555 -65.530041
-5.786078 98.988727
83.281722 -122.364243
4.019791 32.278993
69.631699 145.874207
42.808665 -33.601513
35.512957 168.281457
34.579498 42.509416
84.678890 -13.658326
-50.944326 -101.083168
-55.833443 -127.754683
-61.169260 8.463173
-51.539889 8.775539
-37.157195 -96.919867
-6.354731 -108.160095
-70.358759 -14.327447
44.980649 28.916337
11.414805 42.822570
-32.815948 -99.601809
-47.709144 10.415551
-40.581616 -139.710890
29.775903 -157.655661
-58.810423 -142.883077
-50.877924 -177.032271
-65.190715 102.872091
21.568106 98.044569
48.605976 86.620913
28.134875 -158.915468
66.329052 42.856356
-9.721157 85.510163
-14.194389 -152.843916
24.037496 165.270382
-39.458557 -147.908998
37.098309 -145.872147
41.726284 -176.462290
8.230045 -21.850268
-27.723810 20.508900
-74.894093 -146.227106
-79.615511 95.385087
-5.972186 68.144177
43.138537 -38.226691
-35.212870 36.968925
-23.547274 104.405839
-21.142182 -87.208570
-77.083852 -59.462346
-73.848998 -71.921457
-61.279666 -101.929221
23.775394 68.874422
2.649116 87.464771
-47.866603 -98.370462
-89.500950 60.789601
-78.450524 -170.066645
14.508806 121.791449
23.902431 -179.945973
19.377208 62.256361
30.152648 74.297530
18.631440 60.312345
38.256149 -120.833178
-85.684948 53.050658
-11.959431 -149.185082
-43.257627 49.776946
-78.969449 -28.509124
-59.538206 -83.946773
66.450147 -162.446555
69.100065 1.122038
-9.113154 -52.356856
-17.049350 78.833355
11.964751 -107.664279
66.994423 105.811287
83.973266 94.521298
87.010295 -144.945169
2.545898 112.969047
49.429963 -117.822507
-43.754387 -2.596860
-85.040594 -103.072501
-79.272380 116.952376
-31.577958 -13.988712
-3.800330 7.729717
-65.407605 80.687560
5.562485 150.659914
26.581674 43.733353
-54.332358 117.498445
89.480377 -178.346459
-20.916020 75.108556
-2.934355 67.117800
-0.487073 154.902948
85.025582 171.553794
-9.277948 134.865906
85.928567 146.736515
-88.790268 -104.290991
-77.132192 -0.149589
60.620991 -176.546464
39.299529 172.510776
-50.032006 -80.514419
-73.926420 129.018154
74.131862 109.683565
77.404752 121.404585
-46.321140 -108.720136
-72.475210 56.767965
-40.644421 -101.294946
-28.374323 -61.735193
39.319752 -175.623895
81.433658 -6.297225
-75.183290 -154.350968
-4.406448 -83.288878
-61.027725 -64.495581
-18.945370 -141.822604
67.937101 93.833886
48.159071 45.973166
-41.750360 89.788391
21.596949 9.994760
-86.724928 104.176817
42.907186 136.800706
-39.455688 75.221525
-80.807124 -166.814749
28.679039 -9.029443
72.497654 -37.693558
-24.220548 70.868440
5.262072 136.415408
10.651936 -168.698070
1.347025 111.695927
45.856706 24.300405
-69.402780 -97.733992
-66.908514 38.615454
54.708805 179.566293
48.530429 -30.943296
-19.957846 -23.625324
-60.325936 -122.340803
-69.465258 82.985216
15.465020 -59.916833
29.423093 -42.256551
68.489438 -108.127389
-74.011126 66.040203
-14.349457 114.171731
-13.198851 104.222405
5.734889 153.344374
4.574839 -89.054636
66.229270 -21.399649
86.785987 -80.696052
10.845946 -163.320844
-17.737494 55.026490
-27.655088 -159.037480
-86.124722 51.832229
87.888994 -103.383629
-19.575381 26.397294
-37.730638 50.778072
45.123336 61.550792
45.548958 64.461146
-23.231184 -75.236579
63.774442 -102.943347
49.012983 -103.772628
67.962451 -175.874694
14.010174 81.064215
-12.634501 53.571725
-44.106409 -141.813309
74.892753 -85.003156
-34.651759 -91.201641
-85.233325 44.982027
-77.844357 -88.291964
-35.117778 -109.591869
-19.526030 102.944345
-71.599354 70.437733
-22.351722 20.660747
74.222715 94.175208
-53.677727 -133.035468
-67.128139 -111.524069
-21.003120 -139.082215
-15.395160 -70.937456
29.626625 30.468933
-15.699340 95.260262
-47.461484 55.786510
-43.188451 51.760802
-77.912300 -143.193453
77.861809 94.807318
-54.164075 -166.246463
-29.025212 167.717501
80.107378 139.264973
9.738555 -136.407285
2.616821 112.282557
8.418353 116.784754
-10.499073 9.743760
-2.387888 -119.132116
-22.706890 55.483852
-7.609590 -126.958050
13.673565 -82.741954
-54.960934 28.154712
30.987047 -77.303603
82.054892 -38.171939
-83.364968 175.432660
51.055224 -161.013557
37.663375 -120.640373
-21.785458 -102.151763
-68.349001 146.480436
-5.731407 163.399898
-18.156189 18.346341
7.213573 1.454645
70.150242 152.234299
50.640862 -54.534066
-73.045128 -54.007222
42.193018 136.974396
36.776351 -31.435876
-17.307942 121.236963
-65.294070 168.263741
-70.414612 91.386382
-82.210348 -66.800353
-15.149100 143.638664
-31.823436 -89.169721
49.098312 131.741484
-15.954458 -57.840112
6.164293 -166.072311
63.552947 3.230933
-28.272572 136.672560
69.468313 71.716311
-38.003416 143.195327
24.130261 120.199077
80.856713 -53.297935
-76.353469 -146.939368
72.698143 12.037353
81.695773 25.170022
-17.035130 -149.211415
-42.556922 5.120445
-76.096038 -102.936250
10.491770 -73.342145
59.471563 -152.807025
2.738025 60.909947
24.964746 -57.712110
29.018845 31.736391
-40.519660 137.277343
-24.365185 10.550545
-6.289404 -90.745149
-27.884087 -84.634420
2.018108 6.003645
66.055327 90.054136
6.092540 -122.539481
17.931901 12.189999
42.931151 22.987522
17.806207 12.376820
-50.118047 20.100140
-27.725156 85.294791
43.311337 -20.436478
-5.956673 3.784528
19.088907 107.756701
-59.907110 91.995702
20.943041 -64.806492
78.849638 -152.098276
-58.684918 111.856074
39.780988 -61.565089
60.880703 159.365984
-49.497808 -59.890257
-53.022444 134.384397
80.778594 165.992916
75.931839 -178.063656
68.799495 170.264578
24.148166 72.338746
88.246742 -93.521480
54.127117 86.411950
12.401647 76.991723
-50.969203 -62.030494
-43.644378 -150.708128
-20.538663 -23.271107
-72.215927 57.043662
-50.066575 -46.759097
53.689673 4.093777
-77.468151 49.875006
32.834421 3.529542
22.171734 86.486137
-9.547772 -88.716524
-24.667392 93.123551
-21.656257 77.163584
-73.648385 177.630202
37.713181 98.113778
21.085066 132.827308
-53.582044 50.188160
-45.654836 38.693372
-34.753022 27.926762
-41.324742 -0.806202
-56.837156 -3.230532
-16.287707 166.796673
-22.473820 -12.697550
84.924884 -170.950088
7.176859 162.734340
-13.927660 -75.246038
-52.309290 -118.793469
4.507685 -52.885099
68.650315 157.087220
-14.964304 -58.339478
-81.302338 55.238392
61.008589 -34.045606
-4.899101 -158.739215
50.131115 -67.191137
13.303715 158.713084
71.774245 -166.292378
-34.739170 11.616937
-31.900290 -50.078441
47.286817 64.694822
57.429265 -67.476157
-3.405286 51.212695
-43.581702 56.774292
-18.690925 -10.188468
-38.711612 89.570258
61.401774 1.086066
37.726287 -16.526711
47.415570 -139.642824
88.783710 -73.630770
29.185658 155.587285
69.949347 128.740572
-74.927412 52.316325
47.095032 22.326984
-20.209603 -138.933595
-0.814831 -20.788605
32.727890 33.071665
-82.842388 -66.576653
48.125821 80.040034
21.426379 47.884039
-0.650052 -35.700145
-69.507209 9.243921
-44.185813 -125.715788
46.180664 155.014809
4.080636 118.241809
76.548660 99.564466
81.796018 17.771129
-81.281828 3.751683
-28.075079 -94.127002
61.249022 85.646434
68.238134 -3.726798
-41.622627 19.645832
