500
-82.421198 170.370930
0.425239 -135.504027
80.550120 -160.383844
31.603457 74.921473
29.474269 -70.971601
-89.870585 63.451300
6.010040 -33.147522
72.163416 -76.968308
13.511789 -13.404252
-2.317427 -77.909546
5.111077 -169.960767
59.196585 158.125653
71.237854 18.529360
-53.778109 -67.849770
-13.449386 88.141754
68.199158 176.931869
33.553398 -160.352796
32.731341 -112.199691
3.476330 99.399446
4.032980 -57.390336
-65.010035 174.354826
-66.580431 -163.235267
20.284769 -123.862200
61.461994 -170.710659
-69.752760 -93.673659
28.751757 144.013994
74.372299 -68.984044
31.766868 69.732677
-73.601226 -39.516954
-40.893730 95.524246
-39.920165 -90.096363
-34.302173 -32.483711
-4.605137 -162.945499
-58.128252 -23.617106
24.447471 -163.077271
23.785413 -67.608513
-68.275221 -106.152894
5.539291 109.928103
37.061485 156.591357
39.857660 -63.169978
-29.760578 78.038220
-48.972817 -141.737558
62.348066 50.984144
-54.708133 -59.652783
-34.719461 169.374423
5.422208 -74.716634
-47.369812 2.193971
-5.351125 125.019264
85.472941 -12.967421
-87.933983 -116.791529
21.144524 92.833070
-21.572691 -129.313385
-77.869484 -167.433892
-4.501622 113.197362
25.657427 49.333622
-15.359702 87.447038
85.401940 -52.828285
57.049310 6.860959
-69.120374 162.302313
81.745674 -99.983980
29.181627 102.277060
58.022466 -118.461778
-64.299780 107.174862
59.161804 -12.428414
29.602136 73.068349
-25.996705 -63.068907
-88.462795 -167.445207
79.705705 -110.841364
-89.722052 28.730167
-82.308363 -172.251263
78.870879 23.131745
-17.711076 176.023531
-53.691706 -58.974731
-70.865248 53.340065
-27.905364 -88.549105
20.135342 -89.849499
-13.794712 -164.988572
73.122709 -132.591515
-74.291839 171.692792
71.945900 -122.418963
82.973532 2.187735
-71.665967 53.758068
-28.218618 0.284878
46.400245 -138.197789
47.636392 70.332685
38.060295 -3.615020
59.727413 -90.526343
-60.899535 66.273476
-79.361688 160.389454
-22.834983 94.125490
-75.460060 -133.583928
-77.139998 54.434953
88.434881 14.144759
-46.842729 -86.630679
-24.397140 140.087777
9.496985 -0.809401
-41.696767 18.903826
63.403458 139.070420
14.747890 -149.077301
51.973745 -171.993067
-75.140346 -145.333546
-49.408463 -9.870292
-88.022885 161.569866
28.674527 -5.285965
-10.774998 -88.276878
66.053721 -12.735091
-85.453555 98.946007
-41.997482 162.353371
65.085553 142.221967
-17.916114 -159.457473
-32.772066 57.134027
36.588509 180.000000
-86.654348 -119.832750
29.091136 -158.899834
-86.861005 43.454003
-16.426845 -158.109342
-80.187409 93.933958
30.705377 -91.893911
-65.290231 -168.878682
-81.407598 -21.363367
-25.492556 -161.555462
86.338383 66.729259
56.804398 20.833653
-38.690218 -0.518748
85.436997 24.488513
-73.360715 -62.789882
15.202280 -50.130661
-6.016213 -132.092492
84.164497 -85.165657
-44.063120 -32.844042
38.961860 173.554177
-59.739666 -167.312484
81.486666 110.531590
-89.012435 -160.037092
89.244301 23.928654
-48.120794 107.826487
48.184601 -47.845326
4.345605 36.789650
18.469239 -24.132484
16.864833 -165.943480
-53.466030 7.554251
-75.054095 -30.905568
-61.325280 -136.802832
85.398775 160.792571
-41.122373 -73.959145
50.834260 102.132251
12.536910 28.930829
-64.633091 138.757944
35.430306 -142.316774
31.936049 -119.837333
-38.357046 -93.471306
-15.872392 101.483209
33.855895 -173.088862
-45.013527 -117.171505
-19.436977 -166.936404
3.586415 -33.460556
53.043335 64.316572
-87.418249 157.701683
-75.718360 -27.065947
-83.098213 -20.896416
-68.606413 8.296805
-29.536272 176.457836
43.074243 139.789186
9.884342 142.331546
-22.404780 -153.505349
-21.130780 -124.159112
50.683228 -18.010257
-39.946676 18.760380
68.649001 40.474418
84.558289 -21.925904
-67.032306 -9.141148
3.921153 -116.136193
-5.277897 -47.867788
87.712194 -131.959650
58.100339 159.219456
-83.357396 48.840544
-64.359380 -44.878428
88.754678 39.083321
-26.043696 -51.520355
-67.754101 137.468486
36.036821 -36.999702
-84.524006 -8.493290
16.939741 146.568438
-76.562621 -86.317022
36.999639 36.959578
-50.338622 174.037411
63.305166 -0.251764
-40.975512 82.501323
-72.121322 -132.123118
-27.491736 -18.824556
29.516540 -148.318051
-84.604035 53.826027
2.374174 173.225348
64.184965 -88.717225
37.503486 -142.788305
82.864014 64.262676
16.575171 166.369209
36.358661 53.720853
37.308561 -8.121111
66.790236 16.974425
84.090991 -166.402321
-78.272074 98.851718
87.739025 4.674840
-13.178847 -165.400581
-5.561528 72.957887
-45.800953 -63.622830
84.477630 -178.837057
63.191069 -139.393437
-47.258615 -23.671386
79.840553 -92.389911
38.947577 -46.297736
-19.860718 -176.596961
-49.212228 39.551528
-36.983523 -177.968933
62.280069 85.681456
54.678460 -127.675657
-11.927229 46.070805
79.741473 27.214103
-32.794311 -172.345538
-16.166082 20.086347
89.561983 -55.989755
-7.784784 -65.582340
88.207814 -117.035157
52.567246 -144.436306
28.166251 177.549466
-45.827086 73.704608
-82.238419 47.375586
-17.346206 -145.119744
16.581569 4.912515
1.951978 57.583951
46.610773 -176.022863
-3.039756 -122.855687
-86.347303 -103.557993
-6.259149 95.034593
-60.287083 116.802290
-3.861100 70.371562
58.222802 92.399677
-11.383952 97.172746
6.503362 105.405799
51.022098 -84.494760
45.248506 46.675659
-53.476077 60.750897
70.333389 133.094043
59.748235 31.936896
-88.672193 -32.433745
-13.253172 -111.213985
20.790220 -112.508301
48.677342 64.144054
-75.311922 56.946689
40.881492 166.468547
85.476935 132.664272
-29.762893 -76.273357
64.703237 99.953277
36.421266 131.850213
88.543314 152.303366
-16.346259 -11.195019
-25.425560 134.001689
-59.785487 -163.680630
60.157129 -26.515239
28.046438 -76.756088
17.962294 -83.810589
26.094789 -21.982535
-34.728596 -130.157433
69.648565 87.379552
-27.120723 28.704513
48.718025 -48.114381
13.291939 -93.806934
-77.644586 -0.921549
7.030924 -98.785583
-19.651593 22.625818
-49.329009 -83.484650
-60.296424 74.021134
19.043626 -75.599109
-45.170957 -106.732520
-66.616964 172.884211
73.287821 108.217972
39.906270 -132.400465
12.742329 -119.266959
-21.610346 157.505344
68.474287 105.950864
6.748421 85.264916
-87.434439 102.584778
27.165819 -29.621171
80.709281 85.894774
-12.311204 -110.775617
-69.456208 -178.072759
84.746332 178.272319
-46.172269 61.737854
-23.662251 -16.321916
-15.938179 -47.896596
64.932665 -72.688811
-72.809882 -34.697598
40.319988 89.834011
-78.942507 -130.547843
43.857545 131.268109
-35.058215 -68.401554
-61.467139 -47.475368
85.418476 -11.384391
9.719820 127.451792
0.687821 163.161301
-42.845447 106.483422
-21.247684 145.616518
50.356942 -100.354736
68.501119 -79.317414
-75.523862 -159.599528
62.448844 92.318662
73.731108 -48.835258
-11.682155 -149.720100
77.437235 -164.440102
-54.017783 -95.823664
89.692781 -54.695757
-76.138297 117.323378
0.317515 -28.279592
-80.946065 67.000721
56.426769 -29.354652
-23.673098 -29.907381
-9.809842 -29.385137
-51.175360 -99.919444
45.796484 -60.566442
-45.438904 121.029522
-54.494888 -6.683830
71.160198 83.752649
85.524162 69.907660
67.563227 -107.155249
-85.324441 109.891677
-28.583803 169.977314
53.166163 -176.668395
9.267201 -2.465661
53.855447 176.025088
18.626133 -169.122418
-45.434631 133.583169
41.825972 -65.920738
41.003297 24.621480
15.190370 -153.888429
-67.896825 38.606296
-33.123638 59.909198
-24.960670 117.676370
-27.203146 28.785835
72.246223 87.606158
-57.271046 44.030834
72.526304 -132.585262
-18.337233 -23.509285
61.871926 -47.760980
55.456155 146.286206
4.857828 63.810716
66.192914 -154.046966
82.866217 -23.768107
4.047463 -139.140201
8.759119 -2.961838
-42.186244 162.439964
25.561578 -96.369703
-19.461588 -27.664423
8.594729 39.373527
9.846318 130.403158
88.950341 100.136621
-48.760506 17.196366
-83.486330 -178.604822
-57.396701 -26.683149
32.425963 155.792023
58.515538 75.635745
78.330918 167.947121
-35.483752 -134.788394
-77.349498 -148.643442
-24.100708 159.963705
-50.432748 45.345378
-12.992011 0.863176
69.072850 46.431313
-86.392389 153.574174
57.321408 79.865474
-8.750372 125.895369
-65.226791 50.451198
-71.221963 -3.878079
-10.920803 65.248665
-23.764438 -39.539159
67.773491 45.581350
-50.299098 153.251167
10.529968 -61.913133
-24.923413 -82.435232
-41.922141 106.642151
-12.405812 -96.559990
73.088697 92.790242
80.664234 64.333635
-19.949791 -46.698778
-50.578094 -7.180827
-60.820426 30.568041
-12.715846 -34.227311
-24.410815 178.044969
-67.582719 -115.319355
53.846604 89.333043
19.701521 -75.210949
-42.241869 21.986486
-34.949680 117.208999
52.493227 74.279611
-77.749753 180.000000
87.836896 12.455990
19.027186 -158.732128
62.887047 123.347983
70.218535 -169.388145
2.066659 106.227207
-28.597076 -126.470422
-72.978671 -175.239510
77.026306 -94.981293
39.652647 -174.346073
70.368125 -23.220905
53.937245 74.357401
-89.306495 108.287407
8.143916 -131.344702
79.002676 0.420759
76.377490 -148.155549
12.760865 144.588741
-9.013475 -100.122084
-76.669351 156.588522
-22.119264 -115.557222
1.143533 42.969123
-76.112877 -141.749200
-23.213026 -106.270261
48.694505 -127.563822
37.987496 -12.712618
83.094048 -53.293858
60.181524 -18.133588
-72.097957 180.000000
81.393739 2.780636
-69.496160 168.763183
50.044122 115.684291
72.930683 -4.048900
-0.968775 -125.956066
-6.160580 -142.483721
34.457268 -67.845568
79.809533 163.910453
-10.468340 131.374343
-33.433175 -26.444953
40.113702 46.746871
-81.792091 -31.501282
40.979450 -106.450302
-80.744763 -11.731395
55.742790 28.011947
-73.297340 38.856248
-5.242892 33.216202
-72.400587 169.664621
82.288788 148.858385
67.610850 -42.165894
63.897320 6.502784
-63.932637 -122.902208
-41.217401 63.847632
-9.434085 -174.457021
58.808725 65.969994
89.164800 8.516198
-75.154890 -160.050495
64.684476 -49.530929
74.784035 42.629855
-30.687038 -154.411658
-38.808132 -56.643626
-1.596659 -41.671255
15.433773 -120.431948
-58.360858 -9.557916
-75.960400 53.600526
88.524596 -179.635846
-25.275032 -66.634863
-38.997777 71.883403
-35.694720 -63.715929
-66.757569 -82.548982
-71.770771 41.118455
-31.890396 49.472585
18.269006 -110.692971
-54.801526 2.995204
-89.048088 -145.303526
71.733354 92.836555
20.752162 58.800088
-63.240138 85.178285
-25.258153 -123.972303
-61.562729 62.473031
40.104716 95.199269
-16.047117 -121.023439
-75.889234 -85.102169
35.433277 -125.674741
-55.982212 6.517639
-86.248299 -72.574508
-44.382699 144.974202
-85.139077 -91.267343
9.056304 -143.180967
-87.371430 178.996455
-65.457110 0.414270
25.927324 38.834641
73.996124 0.994593
20.381790 -125.976645
56.860284 -62.539263
47.654228 2.615482
48.064450 -62.900481
83.156171 -172.959406
42.946642 124.604650
50.644028 101.182410
-35.900163 -166.517702
41.786431 -121.690026
-49.269465 161.736449
-21.440729 79.033795
73.616554 69.653664
19.649959 -139.613094
-29.371032 161.188564
-7.654767 -125.930473
-56.715054 126.763057
24.695882 89.426861
-61.648674 -49.566983
43.595336 142.337071
-84.946901 -31.907919
38.345001 -16.813719
-33.259191 122.002562
-36.632474 93.541950
-58.464408 171.441269
-40.657395 -164.904497
4.951353 -116.142720
65.038039 109.149516
-55.690586 145.028051
-44.344255 33.826845
-66.917652 16.975988
60.889259 49.660719
54.490392 13.439699
-43.670191 50.537770
89.616527 116.168125
-15.445024 124.699998
86.295638 144.202868
-7.799139 -149.421926
-50.419613 -101.550183
78.564312 -169.551282
-11.296036 17.271429
82.167344 121.533542
19.809049 87.068532
12.298767 154.379208
27.255992 43.244769
-22.791755 -30.976681
32.160292 -80.992301
-72.066011 -132.850002
42.598498 -77.234364
-28.046618 31.064217
-41.615974 -2.634667
-1.733021 -13.707820
-17.411337 -20.632873
70.417498 -46.935215
2.094917 -129.852583
29.881452 69.848955
-6.763017 0.661093
75.473403 -107.596092
-8.004527 -97.140707
-54.922945 -99.416942
88.964434 81.097640
41.565552 132.608445
-39.936005 124.453307
28.754168 27.536959
78.596263 -176.844324
-19.621100 8.036950
-16.994906 -149.417958
77.790476 -29.873391
-37.619609 -58.370244
-34.549670 -115.525466
62.735537 -154.364660
38.985247 -10.362444
47.277073 50.150764
-43.714775 -0.114304
-48.950147 -53.334800
-51.894832 -30.797550
50.397700 128.992958
-61.866423 -84.823405
-34.106039 151.871934
-13.050468 -127.621940
-50.630588 104.626705
73.585796 -92.700784
-51.013352 -9.107485
-75.400446 96.812618
-38.266262 26.210938
79.468539 -161.239999
-9.344995 59.361701
-0.495464 -126.777124
-7.836672 -34.961799
-26.322845 123.477374
-60.131495 -90.300648
-37.608424 174.918339
-66.544567 -171.096637
31.588908 -43.756535
-16.274404 -165.114131
-60.695916 180.000000
-33.611906 89.908695
-23.797156 51.145521
-65.151488 120.025378
88.559439 110.168290
9.620724 96.889664
42.120266 141.711471
-47.003579 -135.370314
-77.920703 119.486425
58.358485 91.607474
82.018515 -74.788136
60.491000 69.675565
-78.994945 19.067363
-11.327739 84.453491
-85.753751 84.473704
-38.996070 54.936299
-47.583831 -110.110943
-43.363739 -147.417197
-37.929971 49.997968
52.743210 83.851368
69.100269 -31.339293
26.660798 36.749931
9.868817 6.646354
14.590760 172.260295
-36.793368 -76.241696
3.194446 -81.068953
-34.258595 172.810481
-70.147962 111.057198
50.888602 143.492317
-46.930121 -127.911496
-67.737959 139.012546
52.701942 -148.457030
53.229787 -170.370810
63.990090 7.726376
48.318691 -3.404206
-46.158123 -126.435448
-66.593391 -34.134608
-47.059334 -8.101389
50.438569 -173.917742
-33.483746 70.656433
-56.312021 97.860970
76.645387 -8.848555
24.980691 96.782798
53.063328 -132.084832
81.122357 148.114244
61.894722 -58.996955
-22.908166 90.569259
65.417569 -30.892083
64.463392 22.761550
-72.235692 -82.550420
52.781617 -46.217462
-74.882717 -173.828895
-0.021271 -83.586756
20.213476 2.700640
47.842631 -96.602433
-78.280437 -41.710787
59.059842 26.825117
31.579639 -158.137437
-31.290372 -33.352888
-2.153729 158.427055
-3.820698 175.648315
79.855588 -158.387731
-18.800058 -38.273826
8.838227 -51.382105
-17.819003 -159.891497
12.751651 17.449735
-4.963175 -113.180572
-70.351099 126.325940
68.345972 -74.347911
55.643086 117.311496
64.151450 -113.031871
-37.686539 -96.548123
-68.653319 -77.961875
-9.161503 -57.020591
70.493365 -51.230363
18.503897 163.070164
74.380580 101.834978
-74.375219 -27.206623
14.725292 8.139643
-8.727417 -41.726863
-25.454962 96.565734
-6.068938 -12.975302
-42.930499 -29.154982
73.166980 -129.925799
-52.748871 131.996521
-2.750533 98.095193
-24.946324 146.581402
-53.144532 -132.616351
34.370667 -4.814159
36.811239 113.431130
62.303048 -48.148178
2.318022 69.892901
21.238298 104.165014
63.196181 -77.202771
69.644314 16.426048
-34.936056 -21.537616
-46.025215 34.992728
-39.430039 145.622043
36.231063 -147.000018
15.718345 -163.938148
-57.413562 -98.009157
66.775829 11.357071
13.249057 -14.175792
-56.346268 -42.762572
-12.519004 -140.251180
32.096475 -5.344409
65.592552 -157.562939
8.224853 -93.787677
84.111974 -10.356978
53.669846 36.765419
-20.829616 -141.683470
76.139738 142.166041
20.875406 -82.218520
-87.714773 5.666371
-12.784143 -171.291134
73.341140 -33.987879
12.763899 122.676729
39.821322 -148.480359
31.601004 -0.289052
-40.656685 88.759966
-26.844292 -11.446279
-6.765959 125.649128
-60.830977 -27.230193
-32.825873 -95.329210
77.363765 133.576083
54.728705 9.773218
-53.196251 89.075455
-15.909998 21.192804
52.061003 179.185029
-26.553233 -109.797369
-8.654038 -80.632453
-20.773876 136.795181
34.010036 -3.590686
50.655023 71.564892
-85.970786 151.446714
-59.378581 -21.644753
9.463697 -144.720444
-65.096566 80.081732
-25.655169 -132.833168
38.475142 36.997303
-9.032372 24.207765
25.525348 -101.777396
-48.933952 -174.943010
-7.795837 -97.923032
66.203910 3.917835
26.336174 -80.801691
-84.598591 -27.899679
85.012724 61.635948
16.575016 -124.941969
-48.770548 81.516161
-12.886991 45.797197
30.539859 -93.086985
-12.007070 -103.269790
-15.260927 -146.277653
52.475698 -100.769343
86.349969 154.611955
75.393728 -108.459714
69.000404 0.073244
62.506604 64.380930
40.057714 0.572092
-64.161486 168.720893
74.851773 -173.080664
68.047306 -56.223046
14.799907 37.434064
83.958993 -159.417120
30.204857 160.750285
43.647871 14.837998
-57.775082 -151.400317
-61.447963 -46.764623
-18.243525 88.297281
-52.618926 87.967567
15.378728 99.862384
21.678793 -68.025024
40.728917 35.151421
-80.940191 -176.835503
32.129560 104.831356
-39.146563 71.951674
22.748697 -164.455370
-37.257607 -113.309127
2.697101 13.476947
16.912442 112.052055
84.655419 70.296758
-56.878084 -172.429953
65.148342 83.577355
56.965287 -141.244612
77.496351 19.369677
79.193693 156.146620
-17.753115 -96.811931
65.902865 -129.109565
23.858080 -39.619873
61.189956 59.858372
-41.702752 -31.123356
-77.849222 84.405906
-71.681816 74.807491
30.583126 -5.740571
68.035328 53.319114
69.848479 -70.062757
15.335575 129.815112
53.427352 21.532340
49.374354 -68.484289
-31.794367 170.881001
-6.448105 -160.368838
-12.832506 54.744499
85.677958 122.919616
-72.286291 136.526885
-19.423827 168.423381
0.351639 93.124143
-49.036711 127.148650
47.237074 70.348720
9.886037 110.559439
-43.306545 104.790576
-27.505561 -15.754688
27.018109 -133.827315
75.616232 -18.021072
10.893048 73.112626
-80.618331 -163.804137
62.428254 -142.753259
-37.929279 14.637047
-24.657539 -149.341472
19.668485 140.453675
-83.002764 -12.516581
-9.428937 54.831971
-19.451795 134.648666
-57.474441 -169.598832
1.621476 -35.437569
35.758700 127.853112
50.599958 130.064113
-50.382836 -116.722690
10.064143 7.143920
-55.168266 158.564825
-38.639776 -63.398758
48.346028 -92.242320
-25.389441 117.712182
85.913918 -151.961260
-36.464434 88.211759
68.152691 7.412072
-36.965303 144.406569
64.524510 -165.103642
-35.072502 -107.255859
-39.337249 -100.344059
52.378166 54.188400
65.533689 -110.160140
18.645119 -146.175498
-14.795500 -19.411740
55.891218 -96.603782
-66.780313 91.300911
-74.208204 -115.481342
-38.115107 -77.100610
39.914915 159.886325
54.886849 -112.476401
-77.729092 -127.851597
4.390252 -81.085058
-88.893904 -78.003036
-18.077678 -8.216835
-51.076154 139.974437
28.857164 43.601686
67.743047 -175.090346
34.102552 -11.170134
72.771177 158.596838
10.694814 75.586842
-27.677238 -162.709217
-20.587725 -151.962652
-86.624665 -32.048516
-37.666555 84.443839
-3.339177 120.095712
16.484643 -146.246286
39.737003 64.623988
-3.489807 38.063292
-5.138127 24.965268
29.531817 21.729585
61.216673 -15.651988
-58.078208 57.191818
24.233509 -27.443930
-66.242991 -125.593526
31.834057 -154.844232
37.442917 -37.710391
63.375931 16.284171
47.680584 148.960826
47.909091 -58.670731
-75.122235 166.188124
20.646964 12.657655
-11.154759 -58.987458
74.834979 -38.301812
-43.660574 174.923804
85.157058 20.635434
8.560835 164.493758
10.562222 -119.408435
-61.426190 -32.652259
-4.681771 -23.508073
42.131796 -75.374792
63.990361 102.706642
-22.379500 -80.232106
-42.511815 -21.975219
-83.963669 -129.040421
-28.910189 48.497527
17.791035 -110.657393
-82.373184 20.103811
4.009440 -16.440065
-20.063014 -71.633440
30.282720 -113.654530
-69.483793 94.129739
41.089302 -124.787830
17.755376 -9.809125
22.864739 -78.872180
55.301704 -177.607738
-27.674645 74.815300
-14.979242 -41.096568
-64.802348 1.729187
81.063237 -128.946998
-60.293760 -68.842713
84.152932 -4.808294
-70.539335 -172.288763
-77.703930 73.229408
3.077243 140.129545
39.573537 7.856725
-42.861281 2.003565
-50.278761 -157.398422
44.635948 142.992661
-68.071765 89.921670
-85.294921 -68.951990
24.040874 -62.894122
66.274684 -29.449446
84.341672 -30.537748
-16.124080 -55.532446
-29.201442 -32.790382
-88.810901 130.309010
54.627698 23.983666
14.839722 143.529269
43.147853 -22.579947
-61.884323 -61.526036
-57.420094 141.463087
19.712044 165.563478
80.995702 -148.770596
11.474963 59.190807
7.986184 74.331763
25.142348 -126.052775
69.019450 -148.596310
2.449879 -84.977194
39.284863 97.613826
19.227269 -13.304918
43.800266 104.867705
85.447137 -23.764171
26.517380 129.966519
68.365425 64.775003
-10.128166 40.275711
-36.190820 116.013728
4.450026 88.457737
-36.749838 137.057339
56.158819 -155.121682
0.312150 -2.945527
-69.395637 -163.899272
-34.603962 173.694850
-4.751974 -173.839257
60.612017 71.809292
-8.145755 -52.015071
43.492855 -156.633095
4.009128 -175.768818
-73.265774 33.373890
81.386247 66.295954
-46.646760 61.175402
7.140529 117.871416
41.569802 87.282151
74.448913 -30.142976
55.743315 140.668888
79.332317 166.731709
-40.560962 78.098995
-46.531336 114.118305
43.471453 -111.730436
-7.064090 161.848015
-9.915479 -26.000008
22.522793 66.655495
-89.973202 91.627885
-45.121704 -4.750645
-86.627723 119.750257
-53.474277 48.874335
-11.949659 -18.658974
19.185945 140.985906
-35.799522 -13.946662
-56.762271 177.264496
-87.098182 -41.093287
1.383887 -57.419711
-61.156450 72.200709
80.556204 69.790361
45.502083 -107.085096
-23.478785 -17.280020
69.368532 26.538137
-88.210259 -43.831126
-17.739041 174.571461
-51.507895 -57.000159
38.508481 24.512854
-43.002315 109.209210
-26.314326 -142.536753
35.965770 94.868873
31.130934 145.721689
-67.234433 44.713460
-59.106933 97.181095
89.555046 130.885366
-25.681666 76.765803
29.753231 111.464973
-31.817078 15.042474
-60.813960 -106.525380
8.112500 -83.967037
63.833606 -77.030439
-48.723890 -132.573835
71.096193 31.266378
-76.707614 -165.030827
22.517286 -112.002750
8.848676 -53.163682
-89.671857 21.031961
-79.303125 176.790460
58.461153 132.460777
15.243370 -119.819153
51.210957 -171.744957
8.548334 67.065439
62.046492 -97.128024
-53.945538 -84.010375
83.635035 175.167932
-27.577923 73.617646
-50.705583 156.687831
-31.356815 3.726266
23.405798 -17.540147
-89.640259 -36.717282
