500
88.995987 93.836284
63.845783 90.141043
55.492096 103.493707
-53.898254 -26.799718
41.301272 -172.717456
-17.623808 -65.845577
-59.923353 108.574570
0.402564 20.004117
-61.674552 66.225496
33.567615 -3.912923
45.722713 -115.106066
63.193175 98.095393
-26.771688 -21.215174
34.669099 -15.206486
74.534533 64.014100
64.857158 -0.864151
-75.996628 126.155049
-10.412441 175.361421
17.685163 26.654731
78.516985 -168.483273
14.033761 -51.389691
-70.068801 -59.779958
-19.430327 -130.282554
65.812041 15.508079
-25.747182 152.461428
39.273865 81.576889
-59.182958 9.459459
76.715477 55.099219
-80.917334 10.335698
-42.091966 -18.835954
14.810989 56.948075
48.320777 114.785041
56.972972 109.346899
-72.233815 92.186028
-12.846445 110.673625
-18.646874 145.915157
6.975164 118.958454
-72.729976 -10.429223
-26.983937 -0.090071
-38.839943 121.556512
72.999055 61.753663
21.214572 -157.722324
87.932436 90.198544
20.071000 -47.649284
-0.915045 -78.740528
-22.441896 91.471828
61.279982 4.575697
-36.293921 -128.381347
23.281980 90.281105
66.766477 133.205245
-72.146158 -98.625801
-3.146558 -139.877493
82.212550 -170.017513
-17.185509 44.542358
-58.618640 107.546121
7.968470 -173.486591
-41.531637 -108.148867
63.468899 -15.465878
12.115368 -107.909829
16.667931 -128.446237
27.452402 40.222827
72.862566 -6.768682
3.439011 -103.023185
-64.425415 -53.348346
47.394336 139.237295
19.412982 49.283693
-34.381452 65.990758
29.471327 161.181844
-71.090332 -37.510112
3.307716 -101.702637
-75.162243 57.742875
79.110963 -42.338937
-29.154878 155.892622
12.229548 -170.819117
-35.355845 -87.236461
-77.951258 -37.206221
36.172376 14.352784
8.305140 115.721246
-33.523754 -37.389177
-17.481593 137.872578
-24.066868 -126.237562
-57.905229 56.533990
-4.586784 -83.731069
4.852091 -7.726622
8.321369 -116.238373
-69.980944 14.549274
-55.042804 -92.469019
31.127257 130.280314
37.805189 110.383788
10.206465 -127.669764
9.722760 -115.053398
-72.057106 -162.580158
11.491442 59.577002
51.673231 -65.310366
58.702493 -132.161939
-86.072114 -149.039206
-56.951519 24.878327
-29.214223 78.013688
9.643115 99.910308
36.829913 -96.875846
-86.673345 126.752702
-46.197714 122.971242
-89.487379 -78.030988
-32.534393 38.849896
63.042068 122.381013
41.148906 14.905589
-28.864630 -118.716323
-15.892465 -94.693503
85.172692 98.138783
10.419072 -129.081182
-46.143928 -18.848587
-22.025482 127.536995
66.871229 103.491753
-47.915568 8.670468
-32.135196 -145.169135
74.001761 -163.888426
3.651788 10.757805
78.552774 -166.492703
-6.695499 37.420164
-22.703522 41.109599
-71.487682 -148.177803
-34.109953 -110.964865
65.782861 67.823689
16.015887 26.040011
72.708768 -161.850065
0.559441 72.267416
81.829582 81.557446
-35.612216 150.840046
13.980534 118.916890
-11.672218 -175.124754
-58.966263 -100.514443
73.073779 -31.034593
-48.602990 -44.417231
23.965634 13.387021
-4.323663 122.229120
-57.449165 -35.839387
54.824740 -87.908980
-49.124412 98.211796
-84.735437 0.599577
36.749860 156.400942
53.418138 58.686630
84.616954 -17.328144
-32.665039 57.315958
8.537630 -131.213882
-52.342140 58.516151
-58.373577 76.735179
85.900607 -76.674824
-40.738589 -148.855909
26.432864 31.973865
10.622351 -6.230643
85.896720 123.663379
63.343036 168.376979
54.615302 10.750768
13.467918 -84.939544
19.860286 -82.445613
7.524433 -66.624047
36.593687 -127.837492
-38.242910 -140.220329
32.437648 -3.719230
28.474795 -157.025761
-34.974776 35.618025
-6.736283 -90.290520
-81.072673 172.706400
-1.897972 -148.453602
30.121594 -119.039137
-70.224768 -66.754603
-55.751821 -30.412202
25.909805 46.128248
-54.379910 159.309133
-32.639604 14.369652
30.460938 11.325633
64.576252 137.468243
18.102128 111.617166
-18.448996 -22.598991
9.295568 -104.693851
-74.244584 -86.933760
-23.663615 -168.195550
-53.587107 38.327907
-29.195493 125.090855
1.502651 -77.176369
-71.693101 99.479250
24.126883 167.534178
-13.189027 91.354575
76.034243 76.704517
86.263459 -98.525848
23.644922 -170.366790
-78.329014 -66.909878
-49.752460 42.985731
35.664895 -172.060152
32.441440 48.265236
86.233051 -2.265274
46.810536 -17.477150
-50.706575 -172.209302
-4.119596 112.764379
68.503011 -99.914353
6.887400 129.802673
-19.071060 -171.017260
-10.055834 180.000000
71.067412 123.538085
-45.908921 133.937104
13.363154 27.793718
78.323446 -51.507882
-85.571669 -54.080836
-62.384158 30.289147
-36.527338 -100.276928
22.859711 116.403086
7.792842 125.982868
-50.199852 7.683649
72.877500 -54.543111
30.798553 -162.457352
-40.646366 125.322011
85.172045 39.767665
83.559135 87.991707
-12.450466 62.846229
20.754348 -154.864520
68.759707 129.113769
-87.021159 161.039274
55.849453 -123.788958
65.137932 58.980680
80.854896 106.973936
36.234857 -106.595776
-35.196457 -144.491331
30.347840 150.681658
6.523069 -33.286768
65.300867 45.266494
22.830524 -2.194790
-30.080756 -92.098798
-88.833871 66.123443
-74.735903 154.258454
18.275335 -124.063658
-49.490429 113.361703
46.568332 96.810216
-86.708143 -121.425867
6.218919 163.494648
-62.929052 -68.952538
-3.193269 153.416989
54.366065 -61.589298
-60.140273 62.887541
63.960251 -114.104941
29.045604 147.115907
68.772715 63.054388
72.459316 169.861902
-67.748782 -62.556089
2.367118 -44.979245
33.341423 156.148170
47.863354 120.874157
-3.692722 -116.522825
-68.961218 31.649362
-23.004311 175.969920
2.382405 29.726593
-58.435440 -59.642841
-70.435942 173.701511
-47.806292 -19.106790
-20.900514 162.845908
-30.429067 -74.904079
-22.043275 173.934092
44.712038 -129.819317
85.959088 -80.490319
-66.716458 -101.851006
71.581342 -85.652424
78.875565 -95.442731
47.656874 25.726242
-54.618635 -50.928069
-21.076279 -110.922307
-85.178402 47.060158
71.261902 49.180852
-81.632153 -129.742746
-77.676414 63.930232
89.839156 139.640400
-43.511339 14.211729
-13.373585 131.965717
25.768302 -144.402625
-58.903668 168.959821
11.050663 71.989369
19.865072 -156.996050
34.776890 26.528815
73.741112 -45.994780
-75.913133 -89.522964
47.062415 -96.816770
5.828968 163.587178
66.941072 -146.195879
-66.380880 125.440442
-67.233378 110.348345
-84.938761 -34.656875
-24.835652 -89.482524
46.769936 126.705206
-83.154745 104.360364
-41.877177 21.524285
-88.475992 162.520871
-56.408466 -51.748676
71.385787 -72.901937
-86.848732 117.452096
-30.751753 -57.469562
63.534506 17.566867
-64.785522 -162.677050
51.121805 60.669370
-77.912824 -115.062357
-81.503595 173.714005
13.576495 46.187850
44.993772 81.689891
14.956613 30.269625
-87.241605 -109.414758
-88.336244 -9.038786
-27.586826 -63.045239
33.399020 28.377438
2.411487 -129.235766
49.842582 1.577310
41.637779 -36.921751
-21.249723 21.638347
-88.982484 46.234511
29.919435 -38.350050
-24.790980 -14.101218
3.172930 -111.821235
47.585011 78.352722
65.018542 -2.578717
-46.563182 33.924911
-38.717140 157.295408
-88.530237 -6.349054
-48.678329 144.457192
64.873522 -132.979087
-3.699589 -29.482251
-16.061156 163.313127
-28.677258 -35.536486
26.597443 178.486158
82.494890 109.569073
-62.492941 68.273854
47.592991 164.652933
-33.425895 -150.244209
40.058012 -64.676670
62.909392 81.961678
-4.785434 86.759162
27.842359 -151.710648
71.504054 76.551988
-74.111604 -93.804027
88.940350 46.181127
-36.956891 -149.211804
44.634131 -165.423555
88.948276 52.980548
9.764144 -126.383542
-46.186192 -100.010769
-84.328657 71.472642
-31.126973 147.395521
-69.064888 -38.915806
60.283106 60.271811
34.513810 117.215667
-67.666350 -120.594660
9.838782 -173.711900
3.383602 2.623259
50.373558 -11.073025
2.798231 87.826362
81.485519 117.646041
0.416306 -115.291450
27.502562 -10.890052
20.718395 113.686954
-52.407958 11.500297
31.815461 -94.107196
-56.370045 70.980858
-81.043599 2.744627
64.464035 20.647721
-55.233568 88.215925
-69.726062 -123.855246
-36.918905 117.205681
88.312296 -174.219903
56.315916 33.630005
20.527520 -130.438163
6.700434 81.260567
17.096823 -5.872220
-74.145506 39.590086
-72.283647 114.482696
-3.682149 28.682101
-82.885830 124.602332
-82.502382 124.530283
11.977273 -178.698133
-40.263855 -44.382322
57.313388 37.920163
52.208526 -136.445089
-72.363326 66.203211
14.605213 75.122705
-2.190754 158.494368
-53.450225 -51.837217
-33.032193 37.841062
-74.745170 -45.645422
-15.585219 -10.257612
-77.252696 -104.080091
-62.032309 -69.184908
54.499679 27.744960
43.092749 -123.558570
52.627992 -62.133818
-67.133905 103.383246
-27.267337 21.542744
-56.855903 -10.650119
43.147607 125.016037
-50.369742 67.908005
3.113927 101.431711
-16.450297 115.070586
-57.742220 72.447227
8.367460 -170.400373
-61.976769 -65.748826
-1.754175 75.948388
40.748544 70.080213
-66.701265 115.091213
-3.404243 -117.435176
76.359159 -156.091503
-25.280271 -164.778758
-32.771346 -142.601251
-32.885257 -23.814081
-78.120647 -147.524562
61.027432 -26.666204
-29.089192 129.092314
-26.625953 52.209144
-11.990521 80.458826
-43.142089 159.600671
87.188693 -162.298878
-18.093964 -38.672184
-17.357367 -124.751072
6.901637 -98.386128
-79.612445 120.561285
-56.681070 -139.576713
-5.993232 153.296104
-82.629502 -3.321322
81.956295 112.718158
54.755098 20.443402
58.438193 -137.046527
73.523244 -82.712290
-5.037530 -111.661285
-18.742424 -77.403063
73.125997 157.095819
-28.318229 -58.107625
33.919136 84.681915
-82.932320 -177.593188
56.445431 179.589693
-64.832787 -16.272616
2.516263 -19.795953
-17.038236 -104.460798
-14.675171 -171.751953
-72.143186 49.488194
-72.096316 -103.045645
-46.588138 -18.500175
33.630761 66.484234
18.169296 98.269652
22.424431 138.194497
-77.362712 176.275257
-10.157026 93.567609
76.349596 174.900598
85.071250 -65.900330
84.503079 63.241657
-49.222218 105.766134
-33.195031 165.494713
51.784314 -138.642381
-65.330890 118.732004
67.478077 148.257828
-13.127606 162.700778
17.814141 -150.550554
34.449508 35.679916
51.069883 -113.360048
-30.668607 -31.050700
75.356019 128.777963
-6.103374 179.943002
54.630628 38.583953
-66.677577 -150.539872
65.947638 8.127173
87.591887 104.882964
19.191997 -55.954824
80.837757 120.578720
16.608163 51.886613
-16.661154 -111.411863
-64.257194 118.192223
7.396375 -91.531838
15.552663 -18.877938
69.334772 -2.031932
-54.539634 -115.195308
10.217830 -113.229416
-61.819827 92.321760
39.745124 65.318262
-36.164415 -22.224078
32.542856 53.375301
-40.005528 -78.024585
12.913922 89.518160
-58.946972 -108.098734
32.713136 41.177591
-59.815212 23.808004
-17.765969 112.220082
-47.149366 -119.692542
8.847393 112.914970
3.266901 101.487953
77.791750 152.196380
-69.967388 72.540283
-15.948784 -74.852162
64.834170 9.399450
59.638984 -78.506280
75.993407 72.999405
12.812614 -63.662336
-42.019077 33.078770
51.796206 111.075338
31.578879 1.207036
-33.338735 -6.781083
16.450711 14.857741
-32.257488 102.728985
28.872578 -65.962813
38.480236 31.592893
-55.150404 147.815478
44.269783 115.199934
-77.996298 170.008992
-28.000391 48.822597
-76.923591 -134.647630
-2.377796 56.205488
22.935092 -53.599323
73.100917 156.274490
39.303125 20.308249
-37.351647 32.645061
45.559969 139.984957
-2.844012 -125.302317
31.454853 -162.749594
28.276142 -83.786803
80.351988 72.287687
52.984573 -13.561312
36.844533 148.872694
-89.478159 -164.626824
-41.450110 -15.101312
-24.652638 -94.131310
-23.239464 18.666899
-44.290223 134.270008
-27.630147 -52.124611
-72.761526 -28.628888
18.450322 -59.167858
-56.986205 93.832768
-28.465626 -77.056358
82.202732 22.258119
-1.155547 11.274926
-76.451659 -46.557606
86.362216 179.974712
-71.761579 -6.558928
76.164379 -27.105786
41.335179 -8.934843
47.324585 -138.070658
-10.763486 -1.155185
-16.402973 37.705061
-5.721554 -117.531482
-11.258856 -142.480393
9.906677 -134.523217
-24.948509 -137.083608
17.755513 -130.226473
0.297026 -24.062729
-33.395999 -157.955395
55.390154 -17.125716
-33.459320 -62.156373
60.076373 -20.351630
-69.703662 62.291528
-17.858883 -80.744605
82.702566 64.677536
53.145593 -145.746446
-49.991671 -95.369532
56.718603 -13.747627
83.234642 178.551230
16.731427 63.246772
-66.281918 92.402716
-79.307760 -118.043042
87.147613 -5.471540
19.923318 -37.035023
26.535368 -166.851843
21.849594 69.594809
58.459341 -119.733309
48.170832 129.997933
-8.415497 153.569408
-83.656714 -82.906953
64.830703 0.037931
0.208071 -136.893346
34.536093 -44.967508
69.182814 -154.981453
-47.817694 11.915743
44.064430 109.064386
-45.594889 52.699122
-14.081292 54.127971
21.304956 36.334220
-12.329167 -3.936802
10.434813 139.822973
-30.417923 1.802313
-23.952182 118.674361
-15.506481 108.046108
-45.254483 -97.634318
31.803792 -145.585505
-14.330498 24.683836
-59.952723 75.805128
-22.284623 -123.712300
-69.867670 149.174254
16.099107 -152.491201
-4.913710 -89.161156
58.401952 -59.083538
-79.862611 -108.191126
-82.687522 156.022145
-50.199093 -61.059694
77.575004 85.207981
-74.375137 -2.874783
-1.015189 128.306572
-61.486486 -166.376677
-0.656839 82.481436
4.812273 -58.755762
79.092379 97.663808
68.918521 130.118093
-31.208587 57.095536
83.493840 96.357723
-88.139932 47.972496
11.959423 -97.276744
41.986175 -122.443114
82.561508 159.404232
-81.596620 -3.376511
2.865026 108.908222
-2.971619 100.187328
46.831662 -53.634950
-42.994983 24.213538
19.336666 -17.013591
-15.393952 -83.244056
-52.937096 -122.810504
-1.458165 -48.024547
-47.353685 102.925756
-54.507083 -107.791179
65.774567 43.634912
-36.895750 -51.441145
-48.956093 -128.421978
26.626786 103.896420
-42.340889 80.554629
-81.959157 3.341809
88.275604 -49.890079
61.291724 -179.571424
16.200199 90.963660
35.332775 139.769321
-31.705049 133.679419
77.927131 -10.896685
47.705650 -131.485743
53.548684 19.068431
-29.470531 -177.006177
-3.472780 102.293995
-34.498872 -72.493257
64.389020 113.934055
21.212036 82.686660
53.736325 -99.793710
-64.852047 115.166616
-15.944985 -10.425412
78.687686 -132.416539
21.218836 93.385978
-7.861447 -40.732539
-60.645202 -164.689802
-87.069360 19.711199
-69.506165 -108.015430
-0.521291 125.222194
20.702685 38.550451
3.523744 -157.749000
70.280522 16.536123
-36.573279 -174.048802
5.844698 -82.996423
-15.293232 127.537108
18.165027 47.125555
8.542050 74.762254
17.046645 -0.774691
7.597812 41.929792
12.582455 -126.244411
-75.597323 -1.280608
-27.930211 -88.926195
-59.916281 61.496974
-46.498792 89.017361
57.788206 -92.409758
51.794659 83.327417
47.257671 94.425918
67.793409 168.994663
-75.280247 32.126966
-62.014589 136.509637
75.307934 55.796181
38.989114 17.154015
81.389549 141.428596
-43.010501 -163.770107
-57.818938 17.919130
15.666865 155.856717
85.820911 95.921926
-59.123479 130.864528
49.146898 -85.371092
43.013041 91.260921
66.110136 120.354943
-83.180314 -158.652237
30.693395 -54.808014
-52.938861 -105.006299
10.593245 108.405330
50.014016 102.764940
-14.030184 71.662099
-4.048068 157.615709
85.032845 -163.622483
46.099459 37.490551
-27.960629 161.635123
-26.604542 -86.547422
-84.057550 4.095291
23.714473 121.867277
-33.901078 53.415741
-49.168716 75.305194
-48.624901 75.392929
33.586367 -58.214812
31.768482 70.413956
-46.749322 -140.023875
-50.290285 49.425666
-2.765472 167.713992
-63.440556 24.795291
-82.547583 -115.082011
-71.326365 155.150970
43.370606 -126.858180
81.407359 156.439833
65.563290 -53.269720
-16.608197 105.414153
75.163989 64.186388
-2.477216 97.852054
-64.210805 -160.997520
28.765616 -106.559056
31.144334 102.729874
-7.283791 180.000000
-13.441815 -139.061073
0.849183 -129.594460
88.689047 -71.310072
25.966254 174.463595
71.719871 -123.946100
7.701371 175.739518
-29.642265 -22.873505
-67.162736 -128.714566
-22.368252 70.989346
-87.548121 170.505981
-3.524547 -126.278735
-34.095660 89.408868
-49.566882 145.780357
85.504943 -25.468454
-66.845275 -21.785618
-84.980031 84.427729
-44.019414 -176.985603
55.001268 63.833524
-86.019606 -95.473300
50.822379 -169.258531
-57.974160 143.801980
84.666084 168.853708
87.303966 -69.920411
40.502866 60.908284
-49.518042 -105.437385
-15.077242 -123.970555
-57.468174 170.207301
85.032956 -93.778887
19.964111 -85.146942
-18.266677 178.471481
-9.329585 111.845769
79.291021 56.747001
35.049693 113.838440
-45.341589 163.975783
63.873991 -47.814331
52.063632 -134.628305
30.732163 116.738254
64.093851 -37.415123
41.379968 174.745223
38.223536 157.400535
-39.853653 178.785074
-10.489357 -146.529969
-28.608383 2.722739
-17.435962 59.380510
-11.283572 -62.482512
37.352560 157.064866
-17.522393 126.031840
17.680669 149.425668
-71.932503 135.187420
3.172173 -74.137008
35.177556 -96.358921
-77.851627 -0.830256
10.498502 -22.081927
17.158061 -107.304718
35.569705 -100.575553
-15.412182 -102.417809
-35.251609 141.810873
-40.848605 114.703963
83.284611 112.148535
60.329140 -161.957796
53.799422 117.787094
-13.323499 163.164510
22.987135 -12.277939
-54.155387 81.429486
82.351217 49.879163
-80.680808 65.557194
38.614122 -18.945177
82.432262 71.708348
-23.426114 152.384769
-58.064549 90.808314
-52.119879 -93.795620
49.257423 10.685929
88.818835 120.752760
5.338614 -21.574837
-57.749958 -151.806443
74.567476 82.926806
-26.619672 -120.840556
3.107059 17.236202
-13.319055 64.731486
52.943475 55.278834
21.129814 63.901154
53.854514 -113.947187
-47.239414 48.992520
-81.140270 -95.280306
57.495333 145.763418
83.234447 -149.296980
76.068612 -83.026061
-54.645480 73.717336
-25.136815 -139.761037
-39.623077 -12.307195
-79.949237 -114.685547
-34.420231 16.963311
12.229103 159.657518
88.796946 -14.702464
-84.883573 -139.257212
-10.422033 -14.922636
-1.268595 -25.924396
79.430072 80.615269
82.442658 -8.569969
-43.835823 -34.112461
54.563483 14.484588
-87.895863 -87.186518
-47.046030 -164.485847
24.142189 -172.254428
74.395224 -104.350098
-39.856116 -70.798760
25.454138 -123.376213
36.683128 175.663916
-35.966382 21.473080
-31.375958 93.404765
-13.534493 126.737898
-51.014209 136.711235
-78.440432 84.965170
-86.353250 -88.114415
55.394479 51.677507
41.276087 -129.824910
-80.890751 -46.941156
-23.228366 -137.111940
56.411312 -94.560394
-6.971366 -88.894742
-72.004222 -153.756225
89.556108 173.172577
89.533311 -146.394803
38.914264 67.015277
-6.318255 -1.545997
78.590480 -116.822183
16.037602 72.189385
-59.467616 164.074869
-41.097102 178.231374
5.652347 39.122284
-25.146234 11.309628
34.348378 115.913702
-4.679887 -156.919501
-24.374423 15.696247
25.419137 76.133662
38.517549 -7.961222
-70.417378 89.509268
88.374551 100.079423
50.400588 124.298210
-70.114827 96.057263
22.870257 -136.999406
-61.452634 146.152113
-85.475593 124.931100
-3.998765 -166.274893
-55.471839 170.759851
-45.674599 18.012264
-57.689344 -165.069572
19.965403 151.308125
60.086729 -88.074906
-34.544112 8.335539
-26.526741 135.183411
55.686241 44.016240
65.634504 145.704909
-50.156755 72.521618
46.293379 119.952484
-70.573593 -36.663782
49.572780 -26.637081
11.011027 -41.968250
11.608928 130.137909
-25.880871 67.913588
-22.874048 -169.440724
71.212066 -171.634701
-2.845470 88.567589
-40.494454 91.034464
-14.341963 -109.846486
69.460504 111.843299
80.838535 167.014485
-1.621374 -84.257856
-2.578444 158.364857
-9.444795 -109.159301
-84.498751 176.740743
51.060864 72.425023
53.390204 -150.384409
42.057336 17.694958
-66.640772 101.640354
38.372359 -102.290201
41.376910 -49.689557
57.310375 -101.055433
58.566320 89.263148
39.547880 -169.457818
-49.317168 -118.867405
-41.055690 133.779765
-80.434996 109.335503
31.148481 -175.925987
59.482378 157.359970
-33.828558 64.909471
7.728947 -167.055847
72.661282 68.307053
23.573172 119.614407
13.773693 123.876684
4.823948 -109.678073
81.396503 -164.825076
17.641823 123.973794
79.251547 -93.165123
-78.490542 86.889059
-30.238462 -107.337482
63.211383 -144.494131
-27.149173 12.805949
23.649472 62.179165
-50.931655 -27.317630
59.145659 -59.535518
-59.539721 -104.148045
42.076300 6.607716
78.658161 166.644438
-10.542319 151.669421
45.836937 -58.645471
85.836477 -94.475266
29.221133 137.798292
8.635541 78.375767
7.057047 -114.387321
-61.954912 -101.632969
-82.620095 -139.589235
-77.187829 -21.289788
-68.338376 140.986043
-20.357859 -67.162263
-37.012284 158.867625
-53.276246 -94.659045
16.972369 156.788973
5.852645 6.998729
-47.217418 -132.944922
34.234492 94.920074
-8.273948 75.536146
19.193418 39.494851
72.420944 -43.713051
-67.571720 -40.691691
85.279111 -50.759901
-11.262139 120.113000
-45.146313 -156.698112
84.116563 -10.276547
55.883703 -122.949626
-7.392106 82.341628
-11.479505 -108.697456
59.345566 -146.979590
75.703020 -81.153914
-31.521877 -119.981461
-15.430652 84.198491
81.157123 -90.022187
-86.562034 -2.866943
66.611679 6.774292
-49.197290 69.606692
-66.260983 51.466530
-52.281696 -48.094258
85.924633 -107.391289
-14.119720 -51.363933
60.358953 41.203861
89.445045 -14.178854
-58.302904 76.665117
77.416636 98.288506
-8.130106 109.632907
-77.666174 -129.144813
-65.100382 -55.926461
70.580459 -150.934747
-26.064513 -171.173219
17.989738 169.681189
-3.763715 9.203405
23.879677 126.493644
23.904578 76.999129
-22.514122 31.754228
-36.855725 -138.228606
-41.266814 -175.913983
15.537976 -8.376384
79.926546 91.331339
-63.813750 175.918776
0.142328 -133.854482
-75.338956 166.966215
25.517335 115.994854
6.665866 4.144352
30.951546 -7.083726
6.396316 57.624951
-78.213840 80.651529
-62.404518 -39.534481
52.646484 155.200293
43.521142 -158.915186
-53.429525 63.334339
15.497883 -65.552293
35.744217 52.337586
-1.185627 -160.646772
-39.892003 39.823085
-47.567242 -74.366700
17.058205 -111.722683
77.135933 125.915924
-6.819799 63.157738
87.692646 -54.188274
52.731637 -68.522544
-75.817090 4.544322
-55.057647 -172.529127
56.173813 -24.392061
63.556090 119.146732
41.058175 158.523465
