500
-43.342526 -9.471122
-47.604040 141.346163
-0.014764 -4.612287
83.145957 93.199586
50.469528 76.694714
0.839705 -34.468816
33.383723 -21.140583
-0.197871 35.211950
6.978686 179.552493
69.598261 172.283548
24.629922 -14.703386
-57.222934 35.447841
-54.448469 -46.731116
-89.701277 82.803841
-6.745290 -73.878068
88.152014 118.567699
73.294815 141.530711
-86.659700 -17.675700
23.654685 -17.486731
4.602573 -123.651326
-53.414451 -60.626821
87.568334 -48.582970
-51.043487 110.127023
-67.953274 63.965487
62.722684 -91.905547
-54.781448 -2.193342
10.057911 58.136224
27.022505 129.891361
-67.953894 -90.374859
4.018928 -116.390537
5.454400 -141.124456
-76.868178 -71.683034
-0.888367 -114.860388
-12.299542 57.003276
19.438281 49.844329
-54.752143 66.496488
-52.664806 160.682221
-87.022028 -9.906084
-84.168979 51.621920
0.098969 147.576356
69.765356 5.519800
-25.533415 10.233238
65.965776 -136.871266
-62.538767 -98.349489
-53.729655 74.740431
-9.046397 -2.778194
73.335334 -40.035297
89.690736 -174.003324
-33.561226 177.383929
2.324966 -132.131891
55.310954 147.144102
-52.330717 157.005436
65.883647 -18.298036
-57.425916 139.488891
13.223526 -72.867159
-1.384536 70.112050
-74.594686 169.788986
-88.383387 -0.277530
-18.503893 -105.239345
-56.184968 -90.266728
-34.212675 -65.967423
54.281379 119.349735
-46.915874 117.591565
-3.918004 61.027316
-85.754589 -158.406768
7.114097 -108.282915
-53.261613 -65.804830
32.731780 -177.915381
-51.371946 -126.904117
66.859114 130.770043
-86.060486 -87.343023
-61.766275 119.712532
67.654621 -36.025838
26.629425 39.414854
72.416688 141.595560
-46.376864 -17.407619
77.421625 136.572792
57.935916 -10.105730
-53.043616 -126.147081
87.997673 -107.835455
2.612947 -136.727911
-10.960580 59.869017
-6.238076 157.711212
83.278671 -31.447632
4.549908 -28.858124
64.425123 -147.490145
33.323677 1.490245
6.403942 -1.229318
-2.959542 18.483503
60.106612 83.893141
29.495438 119.370020
-78.088483 -126.536444
-34.752691 -15.986322
-82.644885 -110.952677
61.718366 143.479992
-76.216735 -148.376904
-2.774325 -61.653613
-1.336008 -77.915448
53.949889 120.148877
0.263368 126.901902
84.726313 -69.158613
78.933435 -154.186592
-57.093668 -168.282465
-69.068379 -69.059731
60.848768 90.861013
-67.098978 -112.873814
8.454042 78.315942
-43.034632 -76.115506
-7.344675 -125.767033
-6.431837 103.946565
85.250450 29.612401
60.166218 175.132373
-6.342196 136.523599
57.190385 -132.267593
-56.746645 -141.877691
47.259943 43.066747
-27.810258 127.365160
-51.197779 72.927793
87.602117 -37.569180
78.378669 0.724211
2.914900 -22.601493
0.889756 -51.828671
13.608671 -106.191567
89.525365 -131.309663
47.648652 -46.324906
77.373524 2.760995
10.092408 -72.349937
38.438178 -36.627315
14.488847 63.852239
-16.509383 -154.433303
74.364905 -96.127867
-80.765196 93.004899
-83.673849 -3.044382
0.704002 -23.390849
-77.983346 -65.851720
-59.275377 -62.390698
25.453718 139.332255
-73.363275 149.204629
14.130036 49.278932
-47.969922 -102.445890
-31.501080 -34.261709
38.625473 -96.818543
86.076980 -85.081486
68.965879 -152.918022
82.218543 42.904404
48.000829 -100.514789
-8.642656 -89.671026
-88.943091 -120.729578
49.777540 -94.602136
-12.813346 124.697729
43.582932 16.237044
-67.573035 -130.409030
42.512970 -94.291257
78.801188 106.703951
39.851850 -168.254135
26.612231 25.029918
26.026532 -92.856474
3.154190 -163.600682
83.568638 23.974857
-16.657891 127.868945
-41.790168 -149.046244
52.421947 -101.302372
-21.342639 64.915170
-79.658378 85.810774
25.754827 158.660941
19.935577 8.688395
45.442845 -23.429348
44.641404 45.253314
-42.854985 171.176532
-36.767016 -148.559142
57.930442 114.308123
43.250474 -118.063999
3.584187 -135.009537
35.357754 169.111608
-11.140026 -34.409532
64.430133 173.027732
-70.788847 -57.494504
78.861361 132.489978
-9.299827 -178.741097
50.866483 105.949859
14.755989 -122.639397
-29.603653 92.081700
86.645438 113.815530
19.323435 37.093348
-38.652028 -70.015776
-88.643771 -24.239012
25.501348 105.813427
45.777684 -37.127469
-50.431578 169.560777
85.007023 -20.526435
-59.770675 64.236067
7.533786 -33.553837
-41.907842 42.726875
34.909260 48.281477
-24.036087 15.966786
-41.498138 84.692586
-49.551339 113.679772
-7.827663 163.158440
89.653634 -74.921857
-19.532962 -163.137033
20.649393 81.584410
52.086281 -109.604963
26.855525 -96.250108
-66.036850 -70.393093
-41.179916 162.494381
23.532378 19.460679
71.066101 -63.742778
32.169983 173.282358
44.860955 -137.445754
-19.404855 25.641952
-59.926216 8.541418
-23.275499 136.761546
-23.561052 40.283373
76.958758 -178.931380
47.711989 -175.065574
74.907854 89.455949
18.347122 -99.083964
-59.595197 -160.153281
-89.912344 -57.144307
34.541617 -43.838563
6.074590 -31.765098
-89.871399 10.991105
4.537484 1.967229
28.834126 -13.537675
51.819975 -38.114304
-0.800287 -88.962600
-43.883824 -28.613149
9.853266 29.221085
35.184819 136.943508
7.742067 179.250722
-61.749028 -13.527958
44.723420 -71.714571
-22.773963 -75.243269
-73.100163 -85.777624
-86.312137 -24.655954
82.843131 71.785699
-25.863580 43.435195
-34.907137 8.415596
27.014789 170.877160
46.621108 -15.728329
69.060433 -48.507434
75.687663 176.191031
-14.101501 -127.201303
20.455995 103.438976
-65.580795 62.900046
76.159269 -74.103056
21.156570 -141.151051
68.895798 180.000000
28.853435 -38.561272
34.372780 -55.263025
-62.383163 -9.453627
55.658514 145.854044
-35.323771 89.444330
64.815782 50.647603
-87.158042 146.557739
31.839174 132.175776
-18.067716 48.520378
-77.629414 -19.574957
14.039347 66.858050
-58.741540 136.867178
-14.095627 30.799117
-74.316467 -68.908334
76.768410 38.097187
-88.140968 -113.193282
47.482865 167.930039
51.149484 39.778212
19.956331 -167.715459
-22.878278 -79.200943
-24.891072 139.643773
-75.089292 15.882720
15.387853 104.592235
43.580463 105.474620
-33.239276 151.292954
15.147176 -48.309077
-82.150898 -160.702645
-5.758155 -167.459380
50.189906 109.843512
-62.513711 -93.871450
-67.715348 164.819211
-50.627390 13.811431
42.277818 -175.795571
15.097255 -174.501796
-53.923897 -164.446316
47.846182 51.010724
-45.060311 68.862938
-65.613685 -38.048205
-42.498670 -99.341734
-31.577690 -88.901438
43.392837 2.309038
-28.693204 66.098449
-79.481614 92.207325
52.720811 1.923080
59.361928 20.657762
86.299995 146.136140
-60.609851 36.754244
-5.185253 -86.758937
-45.592274 -36.722266
57.514170 9.838526
19.841697 -62.883167
-11.815821 -81.744457
57.948604 -134.728300
8.821308 -125.958664
-38.767673 -169.499016
-37.356451 29.998770
-43.820426 10.807778
-40.812870 18.804333
46.968066 26.420135
70.034336 -100.762865
41.580331 156.029431
88.856852 106.812626
-13.028936 46.692345
-81.520120 -76.810211
-60.759669 -167.554262
-87.969153 -23.356734
62.590432 -138.786763
87.417367 76.926057
5.830443 -93.498783
16.998462 -26.384795
-61.681384 105.768956
37.614438 -65.523237
79.312249 -109.770594
-73.795929 -66.333940
-18.911050 -11.792703
-49.109510 -162.282107
-35.151989 87.214499
46.862070 -38.450614
-70.852793 108.860503
89.012498 82.129234
-86.481950 -41.996821
-43.853143 76.285872
15.461553 136.260954
-50.480608 169.542096
-7.967648 -79.366047
76.030807 -152.981459
-89.505274 12.622575
-29.037120 -16.309218
46.900429 -146.981274
62.345513 -103.740403
24.858083 88.579408
-23.871482 -122.106291
-31.787043 -121.405714
43.680797 86.543109
-55.995017 7.749641
65.259345 117.844528
20.041611 108.010561
72.534233 -52.139744
5.819153 -140.267000
-8.727877 156.609483
-29.055766 -51.364568
4.251874 -94.869820
18.255528 138.470668
50.227723 139.541365
-60.398209 -135.871414
-22.333012 64.708342
43.641929 100.838599
-16.685398 -46.036003
-2.572977 138.194543
-21.468708 -79.754891
57.369781 19.104764
-50.309905 59.776523
-58.118134 103.185544
28.440355 -44.272665
-60.243195 112.640082
5.627744 -33.103781
-9.610507 -29.175478
-51.718268 0.302178
-87.291568 -148.711424
-57.649957 168.112363
87.731154 77.664099
-23.224051 -177.585097
-58.513206 115.254415
-47.670008 38.324249
3.239835 14.252200
-75.281895 163.617491
-18.517624 -148.205596
82.141484 65.411950
21.394717 -155.640788
-66.713232 18.175784
78.536171 -143.735379
6.184015 124.793770
32.905209 27.376677
56.267841 84.562641
-47.794381 -44.164918
67.783145 -179.454927
26.816636 155.444494
31.705541 -150.954788
8.242054 105.800194
-49.918525 -62.465084
-19.801682 139.761090
84.765535 63.240266
59.571174 115.028081
-73.727664 -118.626513
19.048809 -137.919551
-13.546263 103.585982
23.033782 -10.119155
0.365238 95.306935
17.058884 -125.218858
54.979571 -5.683480
22.386849 -99.440282
-30.142568 -95.173845
-6.950729 -52.255760
25.807763 59.389509
-0.486651 126.798677
68.954612 -158.333851
-4.074658 50.310707
79.418572 -131.242555
56.687780 -38.865374
45.856124 -144.038129
60.752915 160.882807
-66.998784 106.904069
-22.426613 -120.839794
43.965968 94.985843
80.393146 170.390239
5.283162 -167.899327
-6.924994 32.719054
-9.594598 120.557804
79.168272 -123.880084
-79.761999 -140.868821
81.215192 49.568819
-31.118690 -34.568733
-41.703272 -110.607070
20.400541 -75.250568
58.475710 172.837475
-29.985038 109.957364
-72.568110 66.841578
54.066574 63.386666
41.666230 -63.225826
6.647521 118.714518
67.364264 -147.598851
-66.120373 -151.410845
-57.370939 -93.211574
-78.304123 58.418902
-14.947767 136.092314
-48.314158 79.992985
-37.442371 -4.676904
-48.017830 39.553019
72.651221 51.192702
-38.453472 80.687204
-22.381374 -91.971458
-68.425237 -39.160447
-44.454039 -94.255525
-5.391804 61.806360
0.475348 142.395855
72.549927 -58.737611
-76.726827 -83.618594
-23.530238 123.513633
-42.666265 -67.874221
30.382186 141.952508
7.559770 56.731393
-55.402044 63.890595
37.799557 144.217183
-6.855120 150.977658
-28.550272 -17.513927
21.796429 179.638718
79.588842 -54.635956
89.199111 48.342459
60.297642 -31.000902
-66.552604 106.519168
-79.257502 -12.782984
-81.220659 157.854900
-37.683238 -98.844372
22.492442 87.066831
13.223443 174.933722
13.992962 158.097771
83.834168 -99.750408
75.431072 62.964096
60.267411 -21.521933
-34.492329 38.571702
-29.678176 -122.957822
-5.461682 81.761437
-69.747586 -117.700770
-51.525226 128.412928
-85.434710 137.430930
15.285502 -13.239264
-50.722719 -114.316736
-13.098448 -78.531461
65.591632 -72.055521
4.950044 -132.010806
72.131649 80.059501
18.196656 111.595217
45.438137 143.539980
89.259662 156.582398
-7.746204 171.373715
-80.276328 140.228229
32.697851 159.382979
-22.113019 -126.730875
8.339260 -21.223394
12.457384 -57.081297
3.255882 -124.884494
-18.107172 84.855391
-77.785015 -45.442098
-54.555112 26.102047
-48.965672 54.995831
6.879645 89.995565
24.276060 -177.847932
-19.820602 17.906524
2.280531 175.963576
-50.182066 53.900894
-70.175185 -95.744373
30.942926 9.953879
-0.727050 78.450417
52.646434 0.700293
76.733792 -74.359003
38.816099 -28.833302
33.925264 72.533167
-46.516125 22.219342
19.308980 -95.388984
-75.136522 6.922267
-85.449002 3.313192
78.857990 46.214847
43.243930 8.697630
-77.450983 39.691745
-30.595549 104.203324
35.540145 65.950009
-57.766081 106.316971
-86.868016 -83.810782
-71.627441 172.293493
-3.539366 -168.140470
78.161594 8.601989
41.054444 -25.637505
85.592305 50.523014
-21.505117 18.617226
-20.630777 71.730078
30.420149 25.064500
12.846185 -9.242829
10.028417 177.016485
20.325010 48.306991
49.220471 114.634906
35.997991 -14.705812
-44.949230 -133.525902
-45.260990 -169.581695
-40.468976 -82.022544
-53.204091 166.526602
-25.530548 -41.521513
-10.677588 -104.347996
-58.941679 152.529646
-76.958200 -31.696781
-62.160338 -46.496688
44.095953 136.333920
62.847062 14.731334
-28.422449 67.317666
33.030459 54.565948
-25.829969 167.907052
12.843161 174.712739
34.466109 -1.732410
35.669333 -129.005308
-45.202772 -174.981934
-73.807421 11.595594
45.266612 18.035886
1.221110 45.353979
56.835451 91.566941
27.074201 -156.346362
36.392177 -39.722689
-5.321062 37.909276
-80.114121 73.871930
-4.643737 -26.309422
84.943374 -126.799779
47.726305 175.292000
-67.610531 -82.169616
-26.417399 -148.927832
-46.830252 -79.218219
51.249106 -35.921181
10.850065 -171.800883
-83.956224 -129.013990
79.340457 -109.346779
-53.535321 -121.112583
-35.139707 24.353412
60.489686 13.453248
66.055016 -70.843935
-63.912071 -123.531562
38.173281 34.628189
7.616677 -146.619262
0.446216 -89.405344
3.709395 10.327040
-84.156877 117.286738
-12.070512 -21.017063
-76.121735 -173.883408
12.054280 -91.551393
-33.359238 75.704638
-38.428830 -106.089824
72.361841 72.538753
38.320404 127.014999
-51.791619 -66.244304
-17.124478 136.751209
-69.893352 2.662959
10.397770 -109.780650
23.756609 -154.125829
-70.499605 -102.889926
42.548729 -99.868430
-37.813462 167.545414
-68.141449 -56.050610
-0.371879 -121.879930
-24.467351 110.087102
18.260541 -146.815032
-87.302128 106.683448
-82.915182 -177.810443
-62.562277 -165.682133
-84.926370 -61.135088
-27.184528 -55.571726
47.822176 -171.223170
8.276908 6.053145
18.923454 166.770813
-55.019730 78.194876
53.470892 28.740648
24.458462 133.962436
-60.329702 -89.413204
-32.990951 1.216731
61.878268 98.419402
-88.691484 -139.905535
48.035463 142.061706
-10.895880 -114.388758
36.949939 94.300278
-82.819628 122.840039
52.685803 132.854166
31.092540 80.101037
-89.698734 113.447293
-14.973504 -24.296204
85.243381 33.353425
32.167121 -179.998893
89.267077 -136.466096
-75.076725 161.255982
42.093919 94.651830
23.746976 70.892729
-84.847114 77.910244
-89.686992 148.961279
-32.406530 163.475427
-81.778380 146.877253
-41.766343 118.267566
38.723906 170.344932
-32.796620 98.800790
-64.679235 100.751702
31.988931 66.292648
8.076643 63.728436
25.958218 -1.432434
37.877306 169.265733
-45.774332 -63.352555
15.245113 -106.511352
-56.938335 -2.904248
-25.244786 52.903929
60.980653 -71.470739
46.603569 115.057129
11.389001 28.463822
-23.302840 -111.524529
4.766984 129.730046
71.737571 -87.681462
-55.542049 -140.019708
49.731807 145.551544
43.977019 -12.173966
27.028816 -47.906173
16.959258 178.904491
5.151879 -139.231279
-86.698862 -30.552739
77.695526 -171.764750
-25.818560 150.869285
23.579865 136.370183
65.257217 122.258083
47.619897 19.554475
-73.430201 -83.086169
-52.902023 -159.494468
54.241873 98.988339
33.164618 53.549771
-57.454533 55.565780
-77.555919 88.650557
11.432498 -50.129595
-67.482435 94.813139
-85.139393 -142.454473
86.112310 -100.653399
48.126133 -119.013158
-56.053815 -139.744412
74.095326 57.661515
-32.701264 -155.397646
-37.503330 138.218913
59.752229 24.388976
21.697005 73.169934
67.914869 101.277101
39.169854 -56.460824
-18.106165 133.035981
-65.116309 24.321706
-61.635852 -115.447953
89.013893 -95.903804
-41.038839 -77.121634
-28.403418 10.077400
2.035395 -172.500202
85.965487 -91.424768
84.893610 -2.616206
-28.902103 37.327796
-85.095571 143.012859
-30.513837 1.456919
-22.761329 148.727012
77.275394 -146.282810
73.715455 -57.644310
-16.452715 -67.860217
-17.242462 -54.049962
4.273069 81.166921
-2.939540 -65.286817
-29.637070 -74.971484
65.083946 45.805334
-56.137730 155.028964
0.172969 75.643092
-75.152758 -37.160763
11.229305 119.838160
63.151109 -166.523948
70.983199 76.760825
74.461885 179.704659
71.743001 -47.644979
20.925780 -82.360552
71.820704 -106.190379
-13.101812 -20.395170
-56.984266 -146.256239
-51.814013 -9.320341
-81.534906 -157.545940
-73.463912 115.834482
82.178874 172.706309
10.872224 -175.503295
-52.679608 109.346980
-30.292324 -168.148225
-81.736186 68.666625
-62.750768 89.855166
71.706936 -164.917735
35.715885 15.332761
-12.210385 -97.422601
59.822383 -100.134995
80.367970 -29.984404
28.465823 -136.967462
59.329978 -54.608602
-17.024770 -159.838472
-29.990642 -114.442848
17.787993 148.550658
12.765794 159.927181
-86.842544 -46.065011
-8.960887 -140.190776
73.689275 39.570925
58.879272 122.337429
21.344483 -152.465011
-87.631375 -18.853571
44.467559 100.149589
-55.595996 -29.517053
-13.955878 59.007728
22.335533 -67.631524
-20.002433 -117.633294
47.132482 -97.263661
-37.202917 -6.296094
30.787220 60.432628
31.357871 -111.797337
-8.711308 104.965285
55.427569 -83.315962
19.920729 14.286091
77.077466 -111.007968
26.472420 174.717119
-6.972603 -153.475146
63.383525 86.357878
39.243948 71.733622
-50.037984 -73.973680
-3.558356 127.433247
-63.877554 -4.986561
42.351184 167.326810
61.790220 1.730885
-33.403636 71.525908
35.989258 179.625901
5.985333 100.106355
-26.079076 -76.993128
7.390896 39.142415
-53.118987 -115.230905
70.526668 162.028692
-3.479000 -137.083676
-40.023683 13.824062
-59.324893 -87.896379
46.018769 12.670231
-77.855495 -18.046364
-35.679333 113.287348
-61.455675 -127.042222
-45.495112 98.055976
27.116500 -21.943652
68.020145 41.045694
20.736196 104.243877
73.665073 0.527570
86.999347 -68.890040
44.667160 7.928847
-38.042335 -43.287833
35.456502 125.130397
44.261584 34.662303
50.507416 -95.444860
58.551283 124.122495
11.363971 -65.985518
24.771980 7.294029
16.009655 28.242757
-71.612166 176.441602
-8.555655 73.639982
-34.985745 -125.712212
-1.132493 154.137631
-4.301868 26.246133
23.202558 -7.289639
-81.502155 -17.488243
-80.789989 -165.042200
-65.424730 -56.633203
80.710899 -13.131291
62.470759 -47.844241
46.112123 81.556441
-49.960087 175.144065
-26.110014 -145.418660
-12.692555 -96.915562
65.296991 56.068393
-0.197965 146.708414
-66.424079 34.395541
-26.362787 -176.184780
42.965127 8.143786
-52.594876 -96.831278
-34.898305 -1.367971
5.512684 63.117832
36.626576 -65.821754
-64.873243 -20.939938
77.096472 112.217822
41.774276 11.932907
85.615328 -99.386684
8.473762 121.232211
40.405003 -155.285553
-5.563885 -5.468811
-74.141549 -96.299026
-69.052875 -96.197349
24.033218 -91.799136
61.549066 179.297995
6.879618 -4.476947
26.259538 95.611110
9.822040 167.320522
43.860769 -101.884564
15.748218 -25.537428
-17.599158 -121.309325
38.451227 151.198950
0.268760 -31.374364
63.868035 127.282274
-76.281783 -107.177662
57.306888 -153.925129
-22.358008 -2.978274
-43.406621 118.231877
-48.162583 -128.582212
87.825296 -98.711325
-49.812461 -65.674286
-82.759002 -3.949757
-55.785114 -169.475861
-12.199127 18.061609
52.022276 139.361556
49.817500 -60.520647
58.692870 90.857232
-69.605104 147.270159
-88.955949 -104.208240
19.287131 -116.110744
-14.923044 154.728000
30.639138 -177.105095
56.276060 -100.087389
29.977382 81.466030
37.406164 -3.764128
-70.832016 -80.910550
-47.734784 117.918855
84.018167 -102.852315
40.010391 81.982602
11.069245 -103.014757
-62.855839 84.168397
-26.530155 -138.008797
37.300233 154.150810
25.643295 -178.101495
71.090861 135.598386
8.416093 43.782297
73.832234 -6.414342
-72.353015 100.804252
37.823270 50.309515
26.245026 -12.283063
-47.438374 -151.612788
25.996000 88.384708
40.808402 12.629634
23.579851 -68.372194
-54.251215 -147.235709
-88.437900 -154.747842
-20.664193 -6.627854
67.023073 -15.529670
-25.081572 -51.427885
-62.194636 140.082764
-54.244046 46.848060
-68.671463 -146.339345
47.882764 -32.237054
-14.802824 -36.698361
-34.860510 -172.492522
-15.960794 -167.911284
6.705553 -117.086124
10.218619 -46.460054
-54.545587 72.853998
-41.096472 101.601468
-26.014635 -12.127719
45.891304 -168.841984
24.929649 -57.372760
-57.325413 -159.312258
84.987797 -161.340316
78.844990 9.768698
-89.413246 147.963410
-36.033950 87.128571
-43.520761 149.638190
4.908045 -142.863309
47.633014 -177.284580
-51.600635 -33.336684
-59.916694 149.886586
-74.208804 39.886122
-44.627049 83.726961
-82.607317 -176.979877
28.263220 100.223216
-89.618321 -103.181342
60.651444 -49.431797
17.653672 155.893722
52.841329 125.572238
79.518571 92.838017
25.258634 46.037632
-30.904501 -69.491473
-47.450293 140.587719
-85.742011 60.357723
-41.695470 102.984792
57.665802 96.265371
0.158787 81.119433
-49.143016 -146.611819
41.720007 35.367445
36.662733 -168.823896
-31.274649 55.542085
61.401092 84.957917
-89.515736 27.622449
58.548139 44.511541
-20.010029 142.625068
55.127820 59.059603
19.043901 179.498757
84.843423 9.366326
40.498226 -147.672498
59.565093 131.434848
85.562541 -51.967184
-20.105707 3.552301
44.037715 -168.757711
83.932576 65.727176
-57.783609 -136.837553
-70.268699 -81.239232
-69.856821 -140.259897
41.312757 -76.294785
-8.951370 139.174249
69.881480 -135.796008
6.180471 1.665452
-53.955466 173.855670
50.396197 74.971099
23.136593 -82.309548
-36.959284 36.604003
72.198636 -161.279231
52.929627 22.513907
84.434709 -169.541353
8.567296 -56.525465
-7.602651 121.752936
-14.542458 134.185630
10.996999 -143.984810
-84.575492 150.883890
30.233454 -19.288927
-80.066607 -173.700708
-65.672333 -11.331513
51.089479 -164.461195
76.245692 -145.946840
-57.052827 -67.815739
-73.635649 -52.627926
-54.529635 79.450920
77.545037 88.819576
-69.788099 143.693283
2.159627 -2.948666
-17.077813 72.998967
88.987676 -79.682237
-48.075211 51.491176
-2.930920 -93.422744
-66.432474 -124.505616
64.652503 141.331969
-17.738747 -65.654751
-62.818341 -155.929567
83.772147 -81.725877
-36.165531 -54.576310
21.643195 -24.692646
75.282145 73.932085
-66.767894 -142.513063
28.676111 2.988988
13.368395 -147.525757
4.034100 -138.609339
20.211707 -172.338581
-0.002482 -107.555023
-88.687572 -149.239222
2.168385 -127.629044
-39.827256 23.685100
3.911968 43.698820
19.246246 140.243750
78.448454 -21.045226
-53.267519 -3.126899
12.342784 -107.471786
0.433003 41.566690
12.995165 60.526099
83.835042 -102.404732
-45.183052 -146.954763
74.464142 48.894631
26.243215 99.034686
-43.518358 165.089377
-42.458128 42.757866
-40.806335 -112.503582
52.782746 77.959314
62.890100 68.509832
20.129450 112.700421
