500
13.353236 48.522275
-40.707443 38.541817
-87.081976 -58.820614
-50.071441 3.706375
86.488077 90.386453
-62.614706 -153.173986
58.675649 146.270201
83.192326 -59.350361
21.531892 -44.772749
-47.196127 -117.747553
27.595933 111.773178
79.989412 42.012429
-59.243284 144.860853
85.445867 82.216790
79.743986 -120.982943
-63.207853 82.587659
-2.246760 140.819485
-25.956245 92.300690
75.883653 -28.040308
85.481849 50.916891
-22.504630 133.307836
-59.430644 -108.588389
10.358873 -177.729072
-42.245859 145.357180
30.602913 68.869474
-55.911311 151.179994
-6.048884 148.430638
-57.318305 168.325036
-13.360103 86.297423
-14.613996 85.097460
1.780641 50.994012
-66.524382 143.811799
-15.833554 132.999637
-42.188428 -60.639480
64.255360 53.191122
83.722330 15.512362
-81.786731 8.002507
-66.556884 -103.269312
6.322241 30.845181
51.801227 100.807788
-87.760489 -8.611070
-21.782866 -84.368966
-79.799372 69.305478
-69.821379 -178.148736
-27.733607 -20.531130
-54.097188 0.909881
-32.059841 -28.864671
8.623724 13.009796
24.941124 -91.690533
-25.056364 -153.873795
78.957232 -75.774613
53.896529 17.726434
-18.786547 16.631969
-1.518158 72.693946
16.583261 -164.359247
-59.495583 45.590989
73.453559 39.717961
27.629169 156.787872
9.353979 -63.784716
7.993573 34.620161
-73.735910 66.230771
-47.068732 116.121437
47.013617 -152.537832
-22.270677 111.588613
-62.181671 147.358958
-60.253401 -16.671686
-3.067672 175.917782
49.572801 -115.620523
26.233972 118.904516
-24.255030 85.991641
52.340604 11.100965
-53.967646 31.012813
17.702809 100.613368
-18.127039 180.000000
-8.776340 -13.010357
16.146952 52.732392
-55.367122 159.995230
88.860487 25.415740
74.623284 101.721207
-59.628708 -109.895272
-76.275602 72.089776
-48.066472 161.669078
19.677027 68.035923
-78.508349 131.689963
87.541805 -75.582988
82.092270 32.587868
85.355025 78.695826
-79.435910 -22.756071
17.692088 179.054438
-9.661579 -127.529766
64.479590 -133.226497
-45.204574 -41.558472
-72.826273 167.606419
-10.746489 7.771554
-69.384774 -134.698286
20.961292 59.638058
46.538481 171.307210
23.463805 97.360716
74.314703 67.647146
-37.769219 -121.037213
10.524426 -15.011939
66.382055 -5.422452
10.470935 -121.837957
46.118046 146.320224
-75.515752 -107.417180
83.639118 103.771836
76.972209 -139.413654
89.372452 -31.396775
71.521313 80.757327
-31.748631 117.853208
-2.680232 57.355633
-37.563204 39.039062
28.592680 -79.157501
77.736813 124.458957
59.245825 -151.254704
18.549336 -138.875140
33.623172 -72.702728
36.613448 66.890931
-3.351996 107.489131
55.583652 -179.172922
-48.513180 6.441457
28.501034 111.383284
29.778194 -137.211584
-16.108950 96.980146
75.134574 -91.341278
-71.468764 -158.783051
53.627766 99.104525
26.369222 -20.795800
-60.146578 164.284311
33.093235 -88.365830
-89.170455 -45.727345
-33.503478 146.714829
7.551290 -124.959428
-34.465424 -31.520389
-36.160603 -12.100496
35.175826 133.101599
19.318451 -25.078130
88.346458 106.995449
-41.049892 -2.979660
-3.115503 -9.965907
48.125283 117.080396
65.625412 -17.166246
55.038477 -148.588109
-9.483983 -135.923612
-77.408588 -62.174114
-84.314252 -67.325666
50.405420 13.902074
-17.811546 -151.009954
72.856838 115.169830
-4.649592 111.298389
-78.554414 -78.856687
-8.425855 100.862793
-73.518704 27.246457
-23.995152 -86.533436
-18.891690 -100.652568
-68.003458 -22.496619
43.917639 97.728550
39.171550 84.943056
-4.280565 -104.031719
-25.619728 83.181761
-55.802668 73.415880
54.984573 3.922610
-53.022997 -61.465149
47.357180 -94.206188
8.382479 90.988221
-18.859237 -103.232534
-47.126099 69.541924
7.667149 57.998502
40.300544 163.972587
-47.323420 -134.996076
-28.809465 -1.080719
48.491453 -94.510276
-25.952114 -30.814212
-75.579516 -69.630110
-76.716178 126.336669
-0.505782 -25.977204
60.401595 118.475778
76.318129 10.760399
-58.150126 -166.310613
-5.211859 153.808766
-46.383506 -145.772138
-68.144184 -64.039901
-12.513884 102.005162
4.752101 -90.057797
43.054800 -115.412555
21.818210 -40.748318
-7.285998 11.042103
-77.945324 -57.918598
-14.997489 -1.896511
77.110031 124.610981
-58.050809 172.959234
-38.045082 -114.081175
-24.765201 -109.763431
-55.129461 162.344061
-82.326483 117.533500
-41.156821 113.202792
23.121775 42.362097
60.435543 27.964587
-23.905620 -56.879165
-10.906226 -3.945028
26.204654 -115.216597
34.404302 -85.369390
-39.200022 -165.295627
59.489915 -113.756751
39.382735 -64.706130
-66.803716 26.876929
26.451829 178.379859
83.941418 -80.075975
16.163065 74.858356
-73.912181 -171.987094
54.616528 -144.570349
-54.597740 -166.451270
14.621938 -21.573327
75.540589 -9.625820
-12.750599 -59.386587
-67.368416 126.005373
-72.266660 22.750595
-63.999118 102.223097
-53.911355 8.680201
-79.927062 60.960441
-14.913946 -59.800825
29.668359 149.799694
44.769874 -177.664717
-44.724689 -2.118432
-22.996609 -150.546276
42.554142 68.814520
-7.910833 -144.975846
37.967622 25.472307
24.556007 -71.909631
78.182759 -102.806476
25.080193 -154.701759
80.095707 -115.851148
31.921663 68.844692
36.540427 -73.387097
3.463659 6.390316
-45.003945 -152.984992
-35.280668 82.496113
-71.580675 166.720809
48.433949 -102.029866
-35.492923 34.728253
-65.641971 -97.532147
-10.823643 96.934334
-82.356483 36.395617
18.623629 61.373260
-41.787418 79.208062
41.305969 -66.128791
-19.767439 -56.994340
-5.848911 -44.644047
29.648587 -78.682433
-88.531763 -135.532972
-86.679666 -154.079791
37.663008 114.673826
-48.298786 -81.468341
68.430373 26.958124
40.512672 -89.863527
17.680596 -93.939388
57.566619 -7.004574
-6.247705 43.139780
-73.423505 116.267356
-31.429423 -45.065261
45.684502 -134.863047
28.946550 66.570714
12.761724 15.380296
55.949992 -75.098400
-75.983060 -150.088648
68.298290 -144.629708
81.341658 -96.306575
78.844839 103.216281
-39.797176 -8.419138
54.862808 -40.683957
-14.330666 -23.137600
63.562376 -168.941750
-13.199879 158.760736
56.182724 55.564135
9.538471 -107.573841
-72.477399 18.932657
20.788584 -95.430294
1.152994 140.721328
-41.393236 5.358501
56.289490 35.005787
32.855269 78.474213
11.309427 -81.950807
3.846193 -151.158537
14.788970 -9.224033
18.726441 -134.379539
15.362057 -79.318559
41.251076 160.499313
43.168707 25.667722
-40.462721 3.986485
22.146375 -27.284545
-28.517650 -30.422397
71.012784 39.560821
22.218780 -13.712040
-27.989666 -52.876917
-59.423587 -95.220089
-26.554745 -147.735389
62.134412 52.663186
45.793699 -20.551976
-82.944066 -95.834775
11.600214 77.929560
75.329667 -31.010085
49.383523 -107.213446
-57.265857 -160.822941
-18.137889 -3.151776
-19.666706 61.097303
70.329861 -1.514301
0.632491 -40.803485
-77.482892 -0.258590
4.872165 -66.579511
-18.880387 131.676852
83.739291 12.173300
-16.397524 135.181648
-7.200396 -156.070556
-62.766011 -6.091297
-21.543447 101.094153
-23.612682 165.100513
65.979802 46.634461
-49.368994 86.485270
22.581168 113.674967
34.936503 -18.025276
-18.987022 90.054023
-45.062214 101.974857
-44.529346 -138.401640
-60.451933 -134.268817
62.549840 -35.600596
54.893007 47.766544
52.852401 -72.525915
-29.314107 -118.397071
39.778033 -40.553461
42.677185 58.135462
74.475564 -32.527647
48.599112 29.291496
-66.827437 -130.921866
21.680118 -106.460517
-44.512108 -105.440182
-79.081334 50.149521
55.969899 -9.523045
-36.516519 143.521611
-45.063156 -172.030131
31.176367 -134.470912
56.052026 161.732108
-28.767779 57.547190
60.941073 -104.394109
28.566681 -122.174061
73.095124 -18.206388
52.798037 -176.770920
-37.787674 38.957707
41.227797 -3.642962
85.338141 115.454855
53.899649 142.287173
-2.662768 -178.995239
-6.889914 -133.578476
75.732835 -94.534111
74.303557 164.020304
-54.846142 118.995499
29.606877 -62.186808
1.189023 141.759241
-32.094171 -25.492658
-26.175416 -45.076423
-3.713227 109.156919
-0.131953 -159.930947
-19.928404 49.248691
-69.204958 11.354810
-83.385675 25.234155
89.662310 37.036543
19.163165 66.919872
-34.287033 7.093653
4.357983 -18.981016
-66.122164 -71.419807
33.703292 132.260452
-83.614171 55.191612
-63.369283 -124.753348
-85.940346 -77.556728
-79.761298 -171.169999
-71.699938 44.508453
-12.629483 -56.680632
-15.798468 -105.428304
-48.425370 105.033875
53.975540 109.104791
19.686152 154.839358
8.837315 -169.629600
38.313191 168.865954
51.436354 145.828013
16.883266 -36.017313
37.008920 98.377939
-68.265832 85.572115
43.865991 126.731537
-80.812285 137.888369
64.548233 -137.900677
-62.166630 177.103003
-43.978953 99.454658
-82.515351 19.995388
84.578824 24.523397
-87.428930 -102.533460
60.071382 -111.470991
65.676390 -173.762583
43.332082 149.488469
20.903866 102.460409
-42.624588 38.092901
1.742692 111.422056
-40.804799 -172.611734
-35.265895 26.784009
5.594182 113.743900
-31.934000 -1.085024
-21.106987 6.875338
-39.996649 -116.597008
79.312187 -139.291728
-12.612457 51.096129
-67.853314 149.832269
-32.515203 101.822914
85.449070 -147.786057
69.164147 -49.522959
-32.930181 103.404105
37.914414 9.765307
-52.573516 -150.543427
-13.573837 141.935261
47.921669 167.628552
-84.349158 -99.348927
-89.464010 71.949139
-40.604876 29.941230
2.924638 104.425753
61.787952 -144.492373
46.508357 90.019423
-68.894316 76.940087
59.060151 118.523336
47.509487 76.356890
-69.502372 68.853005
-9.987661 -159.189658
72.901277 -61.730910
-20.489343 128.312661
34.526876 30.087009
18.942573 -57.926903
-48.885986 13.552780
9.295279 42.841769
24.803719 69.383850
62.306139 81.723875
-64.832984 -96.670447
-2.359872 -89.984083
26.707745 72.114241
-27.204344 63.689520
-66.909714 134.557388
-36.257700 153.777384
6.218438 -54.742409
-8.430138 -83.815146
70.786983 -168.014483
-22.333760 17.358234
18.333686 152.913199
-85.340260 78.175895
-1.494063 41.365343
-52.914924 -26.133042
-68.510609 68.308457
-60.575184 -107.322805
75.199940 150.669106
8.227823 -110.324566
-74.931548 -92.529594
78.164518 -88.193663
51.902530 -141.678268
28.554052 33.324931
-68.160379 167.960044
-59.274083 -57.857127
-70.761672 5.156756
-64.345496 149.356754
-9.307637 -157.464275
7.659603 -82.089307
-59.348406 -176.747451
86.828554 -11.786677
-27.050420 -114.582671
-29.474839 14.445506
-82.166638 12.146718
-46.529643 -143.124858
-62.056067 -58.857672
-64.111841 -16.610878
37.611092 -117.317652
29.809724 -130.441286
-21.111950 -104.409970
88.484532 -154.638187
-88.480782 149.304603
-51.797683 24.903834
-75.378086 124.070473
-59.679461 42.911197
-68.115333 106.742493
-28.381302 -12.570960
-49.491132 139.407061
-2.186142 -13.540581
10.644131 31.705584
-73.491230 26.517596
17.397985 96.467238
79.033622 58.610571
-59.487699 -160.431887
9.959350 79.608846
-76.282061 113.465496
73.309914 -76.195540
58.114885 -78.469285
2.782907 143.781581
0.137109 107.767375
59.805767 97.617787
47.423975 10.532033
-54.462682 119.156444
-43.514548 7.009977
7.320526 -130.250106
-60.786414 -68.628705
-61.247030 102.081432
1.851396 -99.067985
-54.445616 -88.468353
-17.368907 -173.191211
12.316256 -28.041590
1.766466 138.847705
-6.632768 -133.719100
40.441079 144.156142
-18.595037 15.727176
84.178614 101.964092
-21.645700 49.922109
-14.637511 112.474056
30.073922 1.635012
20.947310 -148.225593
-86.595621 35.929461
47.781715 114.203223
-78.002373 78.450196
17.015150 -136.780328
20.911626 165.467232
-45.633063 91.948843
-55.059153 -36.956246
87.992721 99.972715
48.899716 51.036885
51.868426 -140.381111
41.907902 6.516711
-47.214969 125.676534
-33.105631 73.971176
71.128171 -156.079967
-77.441466 33.161992
36.620947 12.324046
-57.234593 45.986290
-57.882449 -109.098430
18.708940 -133.095711
-63.766272 125.306508
-17.731698 -110.175471
81.836864 124.569700
-83.776381 -11.426598
-19.077063 -154.764359
-16.043380 163.485672
-10.095934 -84.048497
5.681377 -149.702148
50.075355 96.867109
8.328815 9.954836
23.016347 -150.752155
-25.580853 -46.658107
68.289424 -168.484432
20.495962 157.214980
-14.365662 -59.570611
-43.711769 30.956378
-72.540748 -95.169711
-73.016685 123.233456
-45.344765 84.425441
89.645006 50.081527
-87.242373 3.470368
52.322978 -158.109438
3.401888 76.718125
-3.049080 52.853747
-50.687558 23.678526
0.438581 128.655227
29.494498 150.502386
-56.867738 85.977336
-65.032170 89.371547
6.275237 43.491871
0.062097 -122.617771
-8.293021 -143.793532
-23.388447 -118.093381
9.254834 0.482316
-57.731505 123.998596
-76.271348 160.887838
88.381948 -150.982807
-2.242183 32.092268
-81.371240 -31.371278
-7.482587 41.963459
-42.015528 -38.858966
-11.519549 -46.105036
-24.587288 -16.151757
-32.387861 -132.165930
-30.087373 -7.242788
-40.988743 1.346676
-36.600383 -20.039014
58.667247 -129.451340
16.020372 -72.436327
17.523337 -134.383386
11.260810 -47.185448
53.436851 174.277151
22.922942 -49.157443
-25.784145 -84.738167
67.797382 -130.379424
-30.067013 -30.245192
-30.007538 -15.406503
-70.137352 74.167717
16.088214 -173.807105
-84.573831 2.780766
-52.653675 -154.851062
-6.037909 120.547626
-57.308315 63.801963
-1.337986 -37.593530
58.894499 176.154110
22.738579 -132.344227
56.488092 48.583944
-55.106323 -47.994223
41.781147 121.254647
-11.991631 96.881161
62.527506 -15.792762
14.431100 139.916274
24.305131 174.033862
-11.564291 39.113570
-30.568479 -140.866816
-20.157458 55.194430
79.483986 67.974992
34.546073 -142.174182
-45.778282 157.198926
-53.521602 -16.460896
-71.048682 -90.882938
1.573218 153.541793
-86.884466 91.503951
-35.026437 143.672627
-87.263071 -73.221438
-17.798941 112.664057
-52.907972 -127.782206
-52.037007 129.822550
-84.860298 -162.728777
-8.168162 -154.295732
89.851251 179.335722
-28.013261 -149.412713
-78.053614 -35.668281
-41.562723 72.469692
52.567134 -130.054641
80.542054 -37.495501
-77.452149 83.474336
-17.166382 -27.944475
83.459311 41.735813
-32.091516 60.099112
-83.916278 -126.286144
63.443111 -14.253440
-85.959385 -77.627883
-14.249194 -167.731423
-32.741297 -166.640270
-23.645329 -52.987384
-6.643864 -166.701623
14.709318 -6.714587
-37.631247 -74.359408
-26.935044 -16.077046
89.417908 -146.444818
-41.287520 -100.473733
-27.737509 -141.074111
19.630199 -75.143053
-73.373501 -106.658101
-61.200512 -168.160138
-43.830192 43.553925
-20.298742 -17.961393
36.049998 -58.714604
62.610794 12.369752
69.909146 67.560513
70.216299 125.618235
71.791564 -161.775316
-20.472219 152.246048
-24.133618 6.975391
-1.401496 -101.219106
57.729703 106.621853
85.642636 -1.246803
63.850230 -120.111553
11.214810 77.964034
-29.638679 -41.731082
77.884333 89.529701
-12.359371 -110.295098
85.569062 90.988314
71.171294 2.333357
-89.503913 -137.839438
-0.393665 27.580110
83.903460 133.853904
31.887866 -43.786931
-31.116315 160.906235
-49.107414 145.384242
38.277467 141.703852
43.622434 29.388999
68.872542 -79.401265
81.760313 -178.575665
46.026527 162.721094
47.660481 -155.602505
-59.855314 -57.358469
-74.572324 -117.752673
25.666131 -49.439464
46.056272 133.151724
-63.551879 -139.249364
-57.763630 -41.063321
9.307464 -164.776635
-1.338901 33.506020
-57.654826 -74.794849
-32.062954 111.736739
51.645532 49.523113
5.855071 -54.064213
7.008050 165.619000
-80.760720 -89.863904
53.331031 -83.813823
13.650241 -135.123617
45.953945 11.471838
-31.562942 11.092070
-1.869273 -158.083819
-87.446679 -23.935744
-33.047829 20.334363
-36.539967 117.257852
-84.215131 89.917249
43.309640 83.063096
-86.081557 151.881018
-53.311494 -72.345305
10.266740 60.687474
-48.927686 -71.591715
40.945667 71.566727
-29.695346 -147.067881
30.955729 2.461779
56.549387 145.848428
-11.153921 164.548816
86.315467 -43.160521
-6.500858 -37.787741
-66.210077 104.558995
32.141166 -12.225253
-71.214529 -4.060743
63.628818 -37.259175
-81.705609 -42.320741
72.608162 -152.419481
27.367155 -75.301284
-35.478933 -57.520302
6.193080 9.259097
-78.112162 127.830748
22.019611 43.526693
39.117937 -10.355123
-13.506923 38.865809
-56.151048 -61.593736
-51.350801 -131.941495
-72.814481 -152.202726
-73.985241 -62.091541
-82.348192 -139.254537
-49.164711 43.474163
-48.929139 89.156007
-58.528385 -21.814154
-24.521099 -152.349285
-58.359614 -146.169992
-75.999731 108.721772
29.758935 -145.504248
79.295891 157.885986
-27.485009 -22.111367
-73.902072 -125.865149
-58.378444 -41.865067
-66.672171 138.298745
-1.395379 22.200741
65.342900 163.990642
-0.798600 96.442669
22.831730 84.928021
88.903315 60.516404
42.764321 -91.748921
31.489711 51.262797
77.814576 -146.469011
55.278969 -153.339630
82.339460 65.506958
-50.088158 62.349467
57.738902 175.971904
27.548937 -175.599211
49.961645 -33.459713
38.518830 -93.444266
-17.772096 45.556063
79.780734 -69.037030
17.845619 -108.196916
-39.111919 114.309582
-46.330100 162.755361
-18.623663 -5.669692
7.171451 -78.103323
77.500781 -94.159196
15.873507 -119.774251
36.065164 -48.426670
-16.638256 -175.688315
30.691309 -83.499438
-25.783206 169.884628
-58.817312 91.413723
58.509770 13.027884
-43.825007 58.513628
-11.573313 41.510308
-76.466511 171.957703
-88.446539 -0.068952
-26.616300 -150.035332
-68.010594 145.299351
-21.862295 152.349015
1.266044 -121.279418
-4.064279 4.393540
33.204833 -136.363161
63.009234 129.438099
0.878130 -165.001504
62.697950 140.564091
-22.217344 -115.144008
-31.720241 153.005028
30.667790 -142.507306
83.630441 -52.726989
-69.263595 143.956086
43.572545 64.554516
20.279095 -168.890377
21.138777 -70.195548
28.181432 174.064100
-48.706153 -58.738833
18.669536 85.973889
11.997065 50.907216
-52.529510 -156.073033
-11.174888 -102.052523
-83.117383 -79.517224
0.909327 41.927184
5.930976 -151.809354
-35.425241 21.911313
63.140722 172.578854
61.303098 65.773191
-70.912890 22.534911
-66.150257 29.547673
-65.343795 -49.229620
-8.318548 -55.163937
56.462642 102.747381
-18.733246 -86.790006
2.927140 149.647261
-26.270304 105.793612
64.100398 159.142183
-62.852265 -49.089344
1.192938 44.390464
63.273563 -106.029112
27.950787 -100.493636
6.149031 -145.665736
-66.273723 -67.952138
-7.301625 -146.495994
64.670021 60.056841
61.773563 88.344501
-22.929725 -59.449703
79.553170 -13.241076
60.573456 -138.653822
75.161584 -124.490157
19.825416 164.250496
56.394174 18.217969
62.771523 51.546341
-55.015004 62.949866
46.936904 -66.470008
-84.833421 60.813560
55.419004 144.140038
-68.182518 167.360817
59.821818 52.373100
-24.329038 6.220924
13.562889 124.230405
-32.806680 91.292881
46.697967 -174.179445
-31.238099 -95.353880
87.519019 -62.916445
-30.601019 -111.660708
5.702599 -115.974051
-57.615025 172.476498
3.086868 134.319908
16.547390 -172.810955
-69.683960 50.775489
61.329918 -5.498523
59.640233 103.982284
-35.001568 -94.224948
57.535813 -63.901846
7.642897 -99.852428
-38.878978 -163.423903
48.985473 -115.361111
-86.682247 -75.586017
80.140806 54.923241
80.467622 -63.656577
44.668070 -158.201331
39.148585 124.374235
61.451001 81.451488
-43.880848 -29.966448
61.960691 110.323284
-14.583908 73.468279
9.828615 -61.687113
40.954093 -46.438470
-65.647343 -25.113550
70.918919 145.111203
71.668624 -39.012838
58.195548 -154.256180
10.593028 -121.656065
59.540147 -87.695687
36.476984 66.865954
69.557869 -178.721671
-6.946556 121.486358
-18.702103 -128.570628
-46.687586 -71.598165
51.990563 -113.794597
-25.771846 -130.474112
-22.011129 20.170549
-46.205289 -125.206237
29.920079 -23.594655
-3.964560 170.952618
-73.497747 -28.349129
65.980277 179.215545
-62.298035 -29.105379
89.411235 146.791380
62.325201 -105.057951
-21.191257 8.710416
61.533741 -76.103073
11.563717 -13.282336
-6.406771 133.214052
8.449250 128.776338
59.041513 -109.754052
-61.184316 33.797918
-44.137723 -175.010397
6.624134 66.462817
-73.718253 -69.592216
61.531742 -146.952754
20.817764 7.931022
-8.119525 -6.701140
48.563225 162.164494
18.404229 -152.235730
-42.053348 -95.370562
-79.670665 77.339376
-9.063081 -47.686838
-53.711515 9.171013
-49.069866 -34.832897
-75.677221 -151.610670
7.168305 -45.544068
70.478286 -17.678693
-29.832800 -169.765528
30.886679 100.028601
-30.305439 77.450765
-46.814939 65.818847
32.126569 100.619925
-89.864873 -114.014061
27.869307 -89.423431
14.616198 -156.266158
88.550114 -165.292360
79.363978 -65.176473
11.000297 69.969165
-4.389086 3.531108
86.955428 26.250435
-52.843288 -160.168702
-80.109987 -69.682584
66.040444 62.283490
29.232702 151.845596
88.995288 74.437391
-52.310594 136.099720
54.488388 -151.907036
-52.662526 -47.007335
-81.621307 -164.389232
41.017141 80.544730
-29.980321 63.079831
29.142952 79.628157
49.107226 156.091384
-31.374534 -153.273648
82.042059 76.575595
15.156155 -39.587832
47.183800 91.162991
73.050523 125.148685
13.975875 72.054721
17.790834 -19.415989
15.981445 -179.340496
-53.009842 35.941846
49.071188 110.602134
-70.566847 -8.862418
21.524824 158.809609
-40.203106 176.854482
52.012754 135.610487
-50.853008 -126.821422
-81.870195 73.849911
84.208415 -11.870699
38.355677 145.830339
-17.332493 -78.761516
58.663746 -68.012779
88.716341 -40.478124
-10.396254 -54.223725
24.633495 157.351024
63.702874 -18.101097
15.955786 166.690050
-88.349191 -11.166520
1.401161 -139.808480
-59.403772 -167.416292
30.851679 -36.508541
73.568918 -131.241914
38.532280 115.506406
-88.544210 -22.922883
3.446734 139.443468
24.560209 -144.684186
-85.875125 64.048233
19.972656 -159.347296
57.326732 -22.760900
-50.809225 89.267603
45.447816 140.975000
-68.964499 81.352964
-19.933671 -13.834202
-15.210339 -72.058541
6.215495 -120.817125
58.626728 -4.445325
41.387003 104.326257
-66.157043 -53.355785
61.282608 -58.534878
2.844194 -98.136604
-74.600015 -91.607997
59.054335 21.228985
39.277309 -138.148320
26.860033 94.353630
-45.270563 -68.551161
-82.064811 3.291151
-10.444068 -152.956520
-82.643976 -129.386534
87.239524 -48.064347
-80.278473 64.045648
3.190391 -85.600471
