500
-59.212021 87.885658
27.779350 35.437627
-36.325236 43.769548
-18.605808 85.959864
-59.133041 174.163580
-65.397883 131.931423
58.883496 -59.135989
47.902078 43.076362
-18.634852 -151.171185
-25.868966 163.116759
-42.329943 178.685964
-60.264053 -79.305902
33.795680 66.672092
16.374930 -32.580391
66.095265 86.073126
64.140789 130.558418
-21.764355 -86.690867
-14.209333 -153.750170
-61.281616 -100.754185
-26.248632 -38.410762
-32.237299 -14.541821
-26.413119 127.227448
-31.517591 74.553582
-31.369171 105.069574
30.522146 -91.752149
-17.423063 100.560077
21.866261 66.021183
64.737396 122.412830
-69.040457 -7.059749
85.296035 -157.689961
87.506769 -76.636187
77.624355 69.100167
-5.870063 -67.509292
-46.046400 66.585948
-8.466813 125.416846
10.406467 157.055708
70.248291 -25.665977
16.953284 -99.788982
78.808627 64.411593
-8.248942 50.606355
-72.070522 -0.932772
57.066037 -154.227333
85.352156 -73.161648
18.973513 -64.622312
69.856511 152.172268
-85.225037 -29.059896
-47.739484 -36.572570
54.096607 118.057356
73.263190 -167.858324
43.385533 123.043439
59.506030 66.637489
-71.642697 -79.679331
-4.461340 -127.781593
46.995187 11.427963
52.567681 -82.753717
-4.129406 -16.602908
58.669057 -157.240500
-9.656036 15.965464
-28.589366 -1.126659
69.854107 -79.742896
-81.266760 115.530325
-72.092290 142.860845
-87.411168 -115.114770
67.583197 83.398690
-39.634498 -27.704296
65.768963 79.432009
-53.524738 -1.428019
39.859042 -0.513216
16.777112 150.749074
16.624161 -34.698406
-35.736085 97.916111
-43.398124 100.435999
-30.533631 -109.223282
66.452885 71.954153
2.915008 72.778156
66.521950 -83.194081
55.188674 -46.058851
-78.814683 30.278558
-50.848095 89.220199
-78.012733 65.012528
-21.746108 -66.200888
73.277298 8.363262
1.694973 83.549049
-56.917425 180.000000
55.530712 -137.978701
48.973705 -73.318315
43.215806 120.122432
-47.840571 -137.150892
-61.117723 -135.489784
-46.934885 155.493600
74.639397 50.831227
48.760331 6.428575
63.042709 -94.333569
13.436218 -144.688008
-76.659957 3.245014
14.622894 -35.699258
-9.799325 -175.709718
-2.002144 65.611615
2.831072 -138.683021
-74.761348 -72.265754
57.728654 -38.822512
-88.497817 160.453399
42.813862 -143.484755
68.201529 77.679066
-77.596380 160.820173
-30.522314 1.298523
50.850819 119.803146
3.173284 -93.112142
-41.866971 71.658849
-48.374580 -78.306487
66.167015 27.182317
83.131924 -53.079508
33.352402 -145.118948
38.523465 61.411981
67.769653 -147.723037
14.658066 2.048771
-83.239038 -0.769893
7.086947 -164.871291
65.032243 41.175940
-53.865721 -114.291632
-27.102428 -53.196826
-79.484367 135.396539
62.055559 64.387673
-47.862454 34.442664
-25.029101 -32.483622
8.601291 77.500318
89.331450 -20.844761
52.270923 8.842802
59.075955 -136.702549
39.916617 -52.916177
-56.119288 37.194381
89.496584 25.314640
-42.377650 66.188125
-59.456107 112.243418
69.583697 -3.085253
-28.100190 -4.908715
-3.243012 -87.436684
45.834083 -14.637115
44.071293 131.459539
61.951479 45.099333
-79.035093 -28.148082
18.484368 122.177613
43.536513 150.485446
-29.965303 -33.204091
12.566851 3.981149
-79.094598 119.983326
20.782083 -114.363845
77.368471 80.211398
-80.361413 112.309049
18.728580 2.059397
-63.468348 -171.276463
77.502225 -47.220938
0.963139 17.383240
41.040495 142.949923
25.368628 7.328732
-53.342626 -56.321621
-68.405017 -60.601514
-41.891786 -112.207074
-66.082056 137.033122
-71.201863 48.729696
-26.883027 0.509335
-13.982910 -36.769977
34.249700 98.250124
-52.325121 -11.249483
59.730607 114.361441
-12.714900 -162.329829
-20.153929 108.883683
67.028050 73.756451
-31.581471 169.899190
60.015414 79.227823
-54.170249 -174.418344
-7.817343 -4.235294
-68.438276 -51.354011
-7.489907 11.356395
-43.191687 12.481878
-24.968012 -39.041243
-45.845685 152.239664
-11.631097 154.535414
-72.453688 99.633954
44.615875 -19.089765
-24.489014 -156.018673
89.553497 -131.381110
-22.589605 79.081533
-36.588206 125.136304
-1.556930 31.932081
-53.636998 21.942172
32.995368 92.173584
23.371672 -72.784474
-18.182210 -85.149066
54.874668 -75.987000
-57.916737 -68.480350
-76.797726 56.079236
-67.477629 -21.243394
51.289296 157.950936
68.689495 5.931259
29.119170 -86.302471
50.188741 -160.056836
35.140535 -119.372837
-25.279193 101.673203
77.368407 -110.483396
-32.234869 -46.126145
76.032361 -72.278791
-29.764438 -130.996719
-84.072499 100.933781
-67.528770 52.740876
49.551734 -119.070966
-2.014488 2.086428
41.209490 -58.210883
-59.210427 95.228636
2.591546 175.177088
-81.834082 119.095976
-5.516124 80.655500
-80.984199 -61.741446
29.096409 9.632320
3.612977 -94.784196
61.341412 -152.907870
1.896040 -104.202180
16.135105 -38.713513
-42.180030 103.390113
-9.099749 -28.361050
-86.249391 -31.392127
78.804818 -118.945642
-28.780371 97.513954
47.156120 -169.787980
37.672337 5.251635
46.510367 -42.564571
-67.539305 -49.158473
-69.829385 -32.394326
-60.111918 -165.952149
-52.559758 113.793371
-15.941181 -168.572980
-54.999503 83.563534
-81.847965 69.753896
84.610948 -26.459481
18.990273 17.289321
2.177030 -99.859226
80.344030 180.000000
22.713392 -72.005557
-49.227740 -69.801301
-89.259231 -157.405436
-1.720027 64.890292
-11.159908 153.972521
-14.077105 -69.657501
-3.933076 -42.936982
12.310005 -101.709891
17.284721 -30.705682
-66.155853 -144.417014
-71.580526 -141.121370
49.753724 -75.314739
28.368536 -61.405052
25.784800 5.667790
34.827865 29.445009
82.608512 -88.116840
25.856457 -83.753769
79.766782 -57.748251
-56.506246 164.288992
54.398066 163.651837
3.653623 -114.362268
-16.311720 -60.834474
-22.948681 -57.948364
-40.107165 134.732733
-65.201342 129.369248
74.756655 -50.995031
16.672684 126.643613
-23.012973 -54.146822
-21.358046 -85.457043
53.789467 -55.654359
-8.738700 -145.554949
-86.885334 95.962865
-34.230372 -76.206554
-29.767336 -47.196937
-22.146783 -35.287132
-52.677146 162.598072
-21.097055 -62.173397
63.525863 180.000000
-39.418655 164.468331
-49.555129 175.584138
-27.745472 8.879608
55.786727 41.089478
-78.684501 -146.097375
71.432950 54.780975
32.156357 6.675711
-39.544772 -124.525843
19.756332 -14.087522
-21.583992 10.088603
53.733034 -132.181924
-29.280031 -99.761981
-7.857234 174.879924
69.909547 -77.228309
-14.391733 53.352576
-79.074951 -76.750414
-61.218960 -137.451311
53.779743 -55.517081
-3.655832 71.871892
-65.700281 32.689054
65.899187 17.311056
76.981896 68.761310
-50.576044 -1.778439
57.895800 98.196437
-30.708617 -145.926536
45.018175 -40.157254
13.295161 25.196973
2.995287 177.441449
81.328720 79.637082
84.032406 -120.610299
-20.538485 133.940503
-55.546972 -40.403818
31.325350 -157.422931
-52.289843 -46.319844
5.612634 -146.084030
1.418301 101.425027
28.434061 177.334729
-35.496159 -18.155430
-43.002138 -141.268462
-68.685140 -171.084932
-81.442538 -166.331915
63.981739 118.193983
38.266914 -139.623878
20.360572 -103.055660
55.103373 71.862659
-5.958502 46.542147
-57.903618 168.956200
65.868093 -126.005734
86.214367 81.996020
71.431451 159.544072
88.625130 139.852152
-74.407625 -44.212464
0.296205 133.912229
33.333137 116.018725
79.561524 160.601996
-43.920362 -153.948716
-24.505549 161.983213
83.617415 -82.346742
80.160804 171.997998
-57.710404 40.411870
-62.088930 176.478965
36.944693 159.394390
49.580457 -120.709528
-46.652373 -138.060265
-60.379221 -30.358394
6.724561 -24.602979
-45.602009 -157.744632
-64.999927 156.613718
49.840700 89.476808
-38.116038 126.043327
-62.249591 113.437739
-32.169179 85.594638
-66.195894 129.517505
-2.975677 -140.547402
45.450544 -153.575362
-10.782286 -129.547803
25.820843 -1.952084
12.072918 -28.895594
67.657816 90.691136
-77.699062 -85.967915
-19.908367 165.864519
18.893934 53.745540
47.635695 -28.190682
6.222164 -122.006094
-76.085854 -25.294767
46.767898 -85.635328
-16.213665 85.915574
-73.860482 -125.887411
-68.697952 35.221811
-11.081513 -131.078153
-31.415936 -82.678254
-51.922485 81.644464
-52.407013 -112.721485
13.065892 -13.003595
8.246859 116.261451
77.375035 -7.151800
-51.269960 114.820873
-87.806864 37.003892
36.768169 -178.173450
-19.406525 111.801379
49.129390 -178.090693
34.983145 16.803700
-12.042924 -7.130843
-73.497468 -43.973674
-48.663367 -146.173040
-56.982311 137.617214
-65.407761 -169.789470
68.482262 -43.398697
-87.837835 66.458060
84.065660 105.757574
-5.442109 10.545061
-75.173889 150.998107
-38.347004 7.212780
-82.213522 -13.190657
59.617025 106.845557
81.847821 -94.435490
59.190889 30.239735
-15.086032 36.690600
-36.899670 -68.509189
29.548581 47.512638
41.551848 61.983971
83.826132 76.165878
-28.603679 153.783357
-14.826893 146.652945
-18.768985 -150.617020
30.755704 40.542885
3.462316 114.100985
-41.186851 156.345826
-62.484392 55.618011
24.162064 -59.409910
-79.439604 -93.352453
4.654945 87.008599
-33.203210 -176.144752
-65.758953 -32.458855
-9.816089 -94.882400
43.219544 -128.436922
84.530750 -178.805305
50.208565 -165.639541
-18.714956 112.298505
-11.743670 12.038390
86.569555 170.841269
-36.609663 160.374103
3.838280 -76.930691
-15.108070 4.458911
86.474494 -136.308583
26.595285 171.596558
-63.950670 128.403101
45.382482 173.670909
-71.283890 79.785047
-59.619378 124.501739
-52.322437 133.848862
-21.592807 8.143835
-50.480674 -113.079677
-86.499691 -103.025377
-6.434783 -2.804896
-56.554064 55.817029
34.508397 -90.364868
-6.066862 -148.537863
-46.318678 -70.761231
17.362033 172.189449
5.785883 -35.446152
-39.346884 5.564114
-8.136048 107.413673
-36.892453 -98.672119
-84.107549 -128.066584
1.062223 -33.331549
-84.224890 -134.715901
85.101638 165.741729
39.759567 31.630709
-35.273739 10.923937
-52.408399 -163.375021
-82.267108 -167.367261
-38.141560 -12.252434
68.102863 -17.966461
14.187216 34.130220
67.100363 -161.243583
-67.032455 39.433042
-27.939787 -120.516720
60.863532 -97.740865
11.248768 149.367392
63.452310 -16.528014
57.893962 -49.058843
24.531033 65.599426
-79.893763 -16.627802
-81.926057 -154.052877
51.360944 28.387585
44.825303 -39.033307
40.931085 51.382217
53.154670 -93.449355
54.261500 -122.426951
-6.313522 -127.485509
83.714450 7.716301
-28.124669 -8.863347
65.539718 173.156020
-29.632255 -120.755280
-28.806782 38.067588
6.606744 -49.619301
-6.938304 93.754738
-71.957788 122.487834
74.781243 87.211729
-34.282155 82.521265
28.686135 154.285452
64.696563 174.393814
-64.457319 167.535128
-79.892108 -139.322266
-70.561298 -50.234031
47.021367 -127.849735
33.215628 153.426820
69.679636 117.172423
72.072463 152.873466
-24.437063 -112.998810
-78.431019 78.786741
-53.101179 -95.301983
-77.682501 43.635936
-34.232985 31.799000
-81.955758 -95.909272
-15.109461 -110.388069
-15.782572 -72.370156
3.606404 72.237330
-1.191577 -120.300152
41.574482 -155.040965
-61.225328 89.133158
-55.051993 -23.350666
-38.220142 100.068170
8.067861 89.200517
81.273822 -176.059745
-11.305020 75.098364
-79.889525 21.423919
-31.638579 -152.949638
76.366693 122.985851
47.352035 -178.992156
47.609590 10.264945
87.801010 -67.820419
22.294038 4.516123
49.118038 139.515611
-58.764346 -45.530499
7.843020 -4.560142
4.016549 143.004656
82.037806 -9.798497
71.549966 48.635524
55.945322 71.211225
-32.384039 32.223927
-79.486934 -174.835922
14.816705 -120.601147
-54.339113 -88.959593
-14.753811 63.081461
-19.753613 78.744843
-17.697441 164.002331
73.725977 -161.188259
-26.516545 122.123063
-73.169570 -130.346661
-66.923586 -172.724671
36.194425 -138.700226
44.957231 113.186391
-40.540792 3.440816
73.604023 -66.288174
-49.928957 28.603549
-70.934967 97.890233
-17.092864 23.137848
-66.872792 -60.080599
20.416329 66.497508
-1.451418 140.924744
39.928706 19.609666
79.728315 -127.172499
-25.281012 114.661985
-22.269242 -70.757373
-70.057813 49.942734
76.967996 -76.749672
68.649478 -140.259195
88.958616 -75.983831
-36.609251 -56.198612
64.296414 -6.535361
7.495952 -133.706047
21.308616 174.615998
-50.748383 -179.641975
14.177558 -37.920023
-44.483816 122.097675
23.123705 176.749617
-15.078391 162.330031
-41.658381 -22.983486
46.951754 8.721714
-88.447822 74.685334
12.105182 -81.280923
-26.898941 -23.517421
-39.597088 179.684022
-5.204572 -138.086630
-66.453876 -162.051894
24.581835 -37.797452
24.899565 74.390203
17.453061 -4.758761
-78.579091 150.708282
-15.382851 91.129399
-82.641490 -64.720708
-74.734260 -53.127163
-35.155724 95.911207
-27.256031 -135.707193
-13.667013 -0.952634
-68.853406 36.853514
-57.818351 109.170941
-4.059455 60.265426
38.932122 108.847142
-80.540673 135.774934
35.169922 59.918782
23.736945 93.622195
-23.935421 -168.579506
63.313767 -142.574449
59.280455 43.331310
-55.575465 7.801341
-17.575348 6.043692
30.607651 -56.379390
5.934329 175.551892
44.623816 20.394759
-24.234912 102.690628
2.871056 -153.719986
-39.705423 -92.179447
-9.056087 -161.300949
19.665531 66.243850
12.693208 129.238486
76.923062 143.065889
-21.778380 -124.986338
13.230234 -122.560369
-13.175785 -22.649923
-39.874521 -173.051104
-53.792386 -164.806167
-26.429931 -52.229391
70.110912 7.426661
-10.832539 -74.765312
53.810052 -87.160146
0.818742 94.460955
23.234337 -27.181177
21.797209 -162.741971
38.640129 -131.563169
48.919839 -47.765294
-41.012956 -175.313040
61.565356 -33.980331
-64.921239 132.380933
85.946720 7.990724
59.913032 96.648459
-5.961380 88.121434
-84.195916 142.604656
43.833938 149.657401
64.979977 150.711517
-31.242572 129.947065
12.323150 117.375624
-24.162020 146.124044
-18.179405 54.317644
21.727723 -121.755935
61.713081 115.044706
-64.486753 -149.104352
-86.514377 -54.449457
-44.437120 -151.497702
-89.041744 112.770632
-51.871149 -109.698678
11.959743 39.948916
28.663364 -10.039914
77.761217 -95.035572
-76.126086 -148.644725
47.591546 137.424017
-55.796970 35.311434
16.386148 -101.550419
-3.100230 64.004643
86.922783 -115.361606
0.160979 158.401071
23.155438 96.206373
72.855686 -41.110044
-43.825650 -31.061506
26.956161 84.171533
70.549773 142.942777
-29.806975 -7.063794
-89.083347 16.317153
13.529570 151.056412
47.032447 84.661178
-89.782203 -103.048695
-76.858251 -48.356220
30.803953 78.711211
20.301793 37.352069
37.584001 30.428694
-82.289621 -165.022511
-40.847258 -84.621973
46.096564 -142.644045
-76.828993 -58.470022
-19.737678 13.223725
-88.631273 -157.565650
-77.282283 114.354648
-47.095422 112.458732
75.479319 105.068692
31.306091 -73.033700
-4.635656 -23.396326
11.255006 -15.577337
-69.296752 63.652094
46.367651 48.695891
-89.964589 77.730809
-51.119394 -21.932439
78.434514 -160.949896
-70.109823 -59.738587
44.390042 -60.623542
-3.766037 -15.995521
86.480625 74.193743
49.698519 -34.641128
86.001511 -1.462820
-57.108812 -147.130053
42.422778 -136.247540
23.918509 -146.395864
50.105862 51.423405
34.534629 -140.125059
-77.384404 -138.129305
-43.700332 -67.520317
31.745477 141.124764
17.274569 41.012268
-34.587233 164.655010
35.352236 -133.734489
71.499272 -69.108190
36.719981 105.451077
51.990653 91.084853
-54.664235 179.994784
37.273682 52.274562
-41.499147 -19.531618
76.307388 -177.331963
-10.072916 -148.204666
-60.753916 -104.376633
9.457773 153.212203
32.519342 129.297949
-63.979579 -73.132159
-28.465402 -9.489239
84.070497 103.473819
-38.245149 0.490633
66.042333 132.771322
80.271644 34.832977
-40.505796 127.522429
-5.582988 38.551019
31.599650 -142.051751
4.614793 -4.355197
-65.180346 83.529710
-51.604345 7.746549
-77.249437 -35.833333
60.365764 147.221206
-49.374514 127.434910
-64.702875 -30.707225
66.108938 -126.614021
55.191017 107.118902
53.331045 -138.692624
-40.336931 94.454601
56.514830 -85.639593
0.391599 -97.097114
-8.322454 170.700053
-44.991804 -179.759934
12.497273 -33.600935
-43.639783 -34.901346
-32.906899 -43.678422
-20.442125 50.271983
-77.080197 37.058357
43.967482 -3.146191
-43.009393 -42.775688
46.137589 0.269014
-78.147286 -135.908027
30.318318 -61.949316
82.795922 -68.139446
16.906230 125.058999
7.449102 -172.313362
21.033859 -78.696860
28.782830 -91.980004
57.260126 -141.580980
42.792052 4.461702
39.740698 -90.345677
-87.677774 -16.793470
-74.054938 45.889949
53.524348 -139.343240
46.336598 147.699838
9.967522 28.859228
88.838223 39.276003
76.480535 -21.842793
-5.171704 -20.903084
23.927240 -91.715414
-10.586969 -51.864769
50.796906 16.399828
-83.428108 87.799965
-61.466086 87.166517
37.099059 -8.271972
30.025800 44.127626
-41.733486 3.408101
55.440839 90.150997
-34.723750 -54.128808
2.807329 -122.207764
39.005574 144.027969
-44.104539 -28.052535
87.718859 127.366087
-32.459383 -127.401802
52.633499 -102.060645
84.368984 -134.322893
-19.343996 20.677064
18.795012 -174.193203
-71.688490 177.740397
21.448336 40.369222
41.625162 -168.591502
-79.563232 136.089373
-74.258819 -67.054705
73.622548 150.215232
-13.035486 -155.766814
-31.746052 93.868110
78.434836 70.387735
42.905469 -92.524183
-62.698799 -104.868437
-46.794484 -8.970899
-10.413152 -148.746732
11.389269 -144.443177
78.018840 -142.905579
76.128487 14.287342
30.349535 -0.784765
-35.857573 -142.340114
-24.310144 66.356536
-76.440385 -69.377468
-41.236177 85.470969
44.620030 -165.467967
53.662378 -145.164597
-22.260145 94.490478
-71.050475 -57.888787
-59.755996 -10.022995
0.276658 122.899069
-59.690672 101.686149
60.922528 25.148670
-20.714214 -157.259486
-30.633999 -20.704974
21.875073 -5.367252
55.127899 77.862130
-28.533611 -86.961000
35.245650 148.949190
30.678129 42.363393
-66.408641 89.260453
7.712549 91.479012
65.997860 13.748264
32.619031 108.175941
-76.907889 -132.247250
46.022776 -167.536190
-58.439946 -134.816021
-19.219988 -133.276648
62.262022 36.517878
19.774258 -132.140751
-85.082531 87.414548
-46.079634 146.788231
-27.566546 120.995982
6.143307 -73.219235
-53.159975 -71.814219
-34.239368 87.112526
-17.299876 -80.847387
-7.728037 114.599483
-29.928297 63.212675
-16.053362 -136.702846
-8.531010 -107.687135
11.667660 -70.497157
-72.713492 66.269097
56.294684 -3.616745
-34.854701 137.065886
-32.385014 -156.056358
-80.488240 121.552456
-9.331223 179.384050
40.881570 -104.902047
82.544771 -137.440625
61.059484 -92.633489
79.127041 -12.137934
-68.741910 -4.241705
42.361084 -137.916014
50.432468 -66.094356
52.024959 154.933766
-48.274616 168.474695
-64.314774 62.398933
-21.709228 -19.196292
54.457477 176.527092
38.168625 -65.206212
61.660270 64.565776
-19.405965 49.601513
19.257448 53.949719
32.368590 73.092422
-83.967349 -35.738786
-5.235943 150.158284
4.331091 -22.131636
-77.580574 117.273529
-74.986771 3.318209
-32.899308 -134.783826
-15.062347 -31.061213
-42.106600 -86.618302
14.364172 119.558440
60.922764 36.633283
-22.403256 -143.942049
74.915928 -41.342568
18.773432 -3.355213
-80.460456 85.349295
-29.840972 -104.579041
83.716900 -90.942445
51.351091 -133.534505
-10.054440 85.042332
-35.573151 24.716109
35.415617 18.619217
-7.067818 -61.612911
37.568483 -146.431770
-29.416212 80.686237
39.499466 0.989426
-30.227692 41.554975
-47.012662 -94.369629
-86.934690 46.209688
-70.113610 2.173526
-10.097395 -160.573133
-75.333065 153.135789
-46.719801 -13.407113
-25.229877 154.500791
-46.323348 -147.271337
-14.873612 4.861861
-80.545601 -139.328124
5.364840 -4.587390
-41.989373 96.558731
66.647483 173.159984
-38.507486 15.903743
-48.062252 -119.623049
-5.327671 -97.565352
43.508761 81.446091
39.525037 -112.177314
-50.315122 -15.869542
-69.732835 127.890715
65.399863 -64.391495
47.132615 60.237432
13.352727 94.443157
84.059839 56.818909
-53.063917 -126.608516
-68.590012 -27.817428
-3.833952 -48.914122
-8.624353 162.882062
-58.533534 -24.214903
-57.825751 162.562253
61.549885 15.650986
-2.019001 7.368171
-28.484727 55.985189
-18.434399 139.056187
-47.231625 -124.017418
34.784530 34.355925
2.925679 10.440295
64.237587 -157.619768
-73.193926 145.355059
-49.001424 17.723025
-76.148103 -175.950180
82.631532 178.568161
35.405860 127.708001
-0.065713 21.152323
86.395337 -89.501211
-80.668509 84.736915
-49.231481 92.272896
48.420303 -8.157427
7.414923 172.581719
83.406293 1.068719
77.442377 72.848303
83.647707 -167.351113
87.866092 123.967417
50.468410 53.876695
28.887422 3.689406
-21.358306 54.670353
-31.914196 -4.414386
-20.519341 46.985584
85.866031 -125.149743
70.594250 -57.508728
-61.572791 20.666951
-81.771915 -6.005598
-62.591452 -59.179193
55.057620 74.632077
73.599506 109.426764
49.056873 151.516683
-52.537711 -135.506945
-17.957979 -7.763841
13.210282 -55.204202
21.121494 -163.010721
62.040763 -70.548192
42.514386 100.569896
-37.809618 52.381722
27.659420 -110.710027
4.070014 -100.198497
7.350344 63.661943
18.335205 15.459367
17.525694 -115.100025
39.925794 80.346752
-77.532902 43.502661
14.403334 -53.350833
48.855737 -12.359642
52.884278 -65.617964
21.887789 -29.001482
-12.268198 38.146917
-78.410309 -103.602016
-12.658552 -15.184134
-35.262779 136.889252
49.622141 -42.936007
-18.195348 37.964288
44.170958 11.742689
-8.754246 -13.907853
-28.941838 19.629417
53.366032 -72.742000
79.313862 -89.487425
-82.407455 12.381798
-13.394470 -173.205681
46.587616 -152.252136
26.232220 42.876700
-38.353199 -2.343216
-34.970907 -141.486039
-78.179618 135.340450
73.727091 48.931357
-66.679739 114.954767
24.058704 -47.796709
20.929905 -20.488859
86.785433 -12.519004
27.129313 107.156870
17.713902 78.708534
-0.957471 146.693968
75.642054 112.734568
-48.401947 99.447550
16.476907 -13.104633
-33.880186 150.101570
-9.487836 92.086334
-68.454586 104.920319
68.827846 -78.634988
79.086857 -154.384690
-2.627175 -32.241551
-58.535404 51.670005
86.094727 -12.526369
-61.409167 151.610598
-65.290332 180.000000
-10.213574 147.602594
-6.711289 -109.004758
-82.455508 -81.705699
-32.724153 68.951215
83.359354 28.570581
