500
83.731954 69.571297
-11.528709 -44.235731
23.245706 -146.351023
-37.093862 55.314830
81.715945 -178.632265
55.695829 -138.890579
-88.709443 -132.609210
1.849421 129.237131
-67.865629 132.114376
67.667753 43.254330
61.479404 143.651412
-39.237784 -86.649190
70.236643 139.068376
17.603823 120.118764
-70.210323 -97.088645
-43.393764 -25.376168
-0.730612 96.487678
34.149283 -66.989894
71.600457 -179.121085
-83.986561 -117.154738
60.259240 -7.802890
67.706325 140.091233
-18.537503 -64.317467
-51.038766 -118.978370
-18.706234 136.188243
89.354087 74.962317
-35.877737 -145.271906
63.208927 -41.978030
-56.847304 -18.336062
-39.079949 -50.540758
-25.234815 -28.510020
17.147704 -47.317222
20.458064 2.308214
30.846604 -60.402241
18.548535 138.221786
-28.990736 79.349045
2.225588 -135.919220
29.732988 125.429390
-1.438957 -147.337064
18.440368 -162.367999
8.420023 -169.811511
-23.516935 10.206710
-76.257084 -47.483740
52.609105 32.363587
55.409535 44.243723
-38.539240 165.359724
-11.249539 -98.791374
24.316642 170.363288
64.589713 163.992517
-46.170541 -119.414047
66.784417 -17.123712
84.142017 108.979507
22.715417 -71.643459
41.654454 -178.780340
16.192377 -86.910686
75.115965 -69.345438
-69.218464 103.130095
60.078708 1.800335
-29.603696 -54.542270
74.110235 178.270592
-54.717140 -158.223483
86.840683 108.987082
12.687146 -33.594143
8.406606 -132.035162
-71.907013 -102.436261
-7.154289 -28.776443
79.960402 -128.235116
41.335038 -122.205703
-25.916194 66.002100
-79.452590 -93.563825
-49.327184 12.757049
-64.276547 -19.428474
-88.554049 85.662199
-45.491291 131.151798
85.531345 -54.496643
52.379367 -108.706114
30.040149 -124.410123
60.834563 -9.143949
-31.526275 -158.318259
42.141608 -44.921352
4.639286 -80.497108
-60.387205 -38.849203
13.842070 124.646938
-66.883252 91.670349
39.148445 120.009154
63.781137 51.583648
52.110422 176.906633
-46.299783 20.499292
-60.197063 -125.964309
11.578990 70.496298
-24.213251 179.979171
60.074774 81.096232
82.448385 -86.031999
6.106738 116.552190
-81.944019 -64.191365
81.616568 153.017356
-8.318177 -103.076542
83.552373 -78.069203
28.969677 -143.461069
-62.504181 61.107773
67.542891 113.530319
81.417684 -30.586107
-7.575972 -22.969225
-4.423086 174.444309
-34.650223 124.733699
-74.309864 111.395015
-5.521203 -42.797946
-22.008865 -91.605199
-45.043716 126.416698
-26.850113 8.815692
-78.508736 -37.991314
70.037092 -146.694985
84.736910 107.583209
43.893354 140.286560
72.514608 -33.802565
84.345451 167.112282
-29.916381 -102.554859
-57.211301 79.916801
-33.581487 70.236648
-69.729756 -47.929749
-66.895213 -146.144692
81.754257 145.957944
41.579531 150.175941
29.922005 -74.444190
-14.468153 -89.986462
69.254451 126.423083
1.169892 -53.988793
79.288114 -115.981614
-60.452802 146.615386
18.528382 41.775106
-12.521806 -87.318969
-24.264687 78.847817
-41.574940 73.651732
-4.981930 128.389644
39.595790 -61.789399
34.715564 -144.959098
-88.450476 59.380721
-2.523245 -29.672387
-47.788313 -158.553725
-58.251945 127.282713
85.285865 48.356881
-26.127363 162.153740
-36.505177 -120.679662
11.226187 164.559751
-69.468447 129.623309
14.170087 89.473203
17.805288 149.830346
-46.879894 -11.084079
37.843112 -151.635512
-48.020631 42.461426
-66.732434 146.325898
-1.742193 -171.126150
86.414769 -96.824225
-67.111957 143.275689
-44.663960 36.258942
-12.277990 -158.480906
-3.886652 116.274702
-52.369633 -54.004517
34.297833 47.500309
-70.378016 179.409221
52.393561 12.718209
-20.011456 -126.912668
87.002472 158.524372
22.908459 -131.467529
-86.563884 -169.520309
-47.107065 51.423278
52.755433 165.568540
-52.485368 141.347828
70.744555 -93.530912
-4.394963 -122.755749
-87.417268 -167.451495
32.699607 80.220908
-79.618333 -11.186929
-28.528281 -40.267444
-81.918334 -97.186716
73.481952 -167.523326
-41.630328 57.801150
-87.016560 -71.079930
-9.752045 -166.705007
24.130477 133.584164
6.305318 -99.808412
8.665544 -104.479427
-18.471490 -2.609590
6.380826 23.783257
-56.747651 -122.011492
70.815105 10.266648
65.733437 134.790207
-51.412129 -155.956852
29.079779 94.150015
84.650818 2.181918
-83.724087 -127.707836
-67.937355 47.062554
8.691414 110.764566
36.492642 -61.493424
33.335143 117.927166
56.583529 156.329991
14.858854 164.390359
-38.088733 -94.086232
14.198617 138.847421
60.492245 -90.066630
3.230934 -171.343214
17.413148 -16.279506
-14.948663 81.365839
-83.038516 106.769460
65.804772 -29.969037
2.864112 80.665421
64.613379 -85.845292
-76.857525 -135.421505
-20.697031 -102.015461
-67.999189 126.688426
75.007578 91.939889
-68.499793 123.050735
87.467824 78.564651
-23.955698 -172.617660
56.954737 -38.446299
-75.687371 -29.026770
-29.768266 117.370773
56.370326 -136.297734
38.570714 -41.697032
38.452784 -140.546447
-73.381756 -26.719067
59.984507 91.617729
16.123454 31.347834
68.219287 -141.627934
32.459813 46.788407
62.220613 -163.049620
47.456994 -138.860500
-55.950049 68.646217
-47.834654 153.004133
-26.740291 -95.985626
9.751462 106.556763
66.213049 92.422443
40.221946 -172.651172
61.501867 -104.628897
6.993024 67.021559
-83.594707 120.638387
57.834184 13.099764
-69.233824 40.386918
46.355075 158.126576
-37.629104 26.900894
46.115406 -102.344791
83.925102 -138.271258
-59.109149 -153.366578
-20.618070 -85.821441
-88.189710 -81.971600
78.046475 -115.870496
45.130131 -50.284810
27.452122 -147.126717
-50.490435 117.045159
-1.876055 33.939149
-27.488773 -55.031335
-60.699865 131.025993
-51.988323 -9.036964
12.331995 -14.583847
60.074863 33.126043
-39.524985 168.430381
24.165981 11.362960
-67.727948 -75.379176
-29.215781 95.127896
47.828331 -42.547522
53.351130 -19.144121
57.918408 164.344121
-78.193493 -179.851252
-50.187883 7.881459
70.375807 -93.400427
-5.176662 -112.354679
-23.464775 -32.343974
10.401085 128.183616
-20.815720 -83.616760
-53.188520 -129.499762
89.888030 101.209031
35.551664 -133.674678
-49.670766 171.220849
0.519515 -175.956394
-40.839063 68.722066
47.024093 -45.150456
-43.071072 106.185258
-34.412404 -101.035537
-75.000391 -32.508453
77.719911 89.829434
-63.949324 -106.740027
5.662884 -176.666892
-11.159264 34.521726
-65.500539 -68.895873
76.125749 126.634938
-68.886787 134.228338
-75.386859 10.280767
82.850832 141.851814
-76.932957 -18.331139
80.136151 -47.765068
-83.245518 43.932331
-20.594279 70.612944
-79.417083 93.225265
-23.558157 151.450324
-36.614342 -28.760040
-28.344203 46.984062
-4.869508 -40.181475
-60.861052 -31.644790
-11.394604 157.183420
-37.415952 179.703867
46.422373 13.347001
-80.801192 34.652243
84.565811 -165.975953
-74.459222 -67.628584
84.849990 -80.565140
59.506428 156.539322
-48.131111 61.594481
31.372742 -71.602166
-14.537991 138.670938
-0.196301 52.898029
56.802542 -91.174474
-10.201042 -67.698793
76.100229 90.459183
37.435612 -26.581923
-68.708489 -130.598380
-17.428279 -135.951704
-61.241813 91.997054
25.556179 24.905217
71.629700 -103.594569
-54.970236 -88.209175
14.011611 141.984960
-20.656763 -33.255408
-59.796546 -75.996477
44.429129 13.359030
9.578708 163.674528
13.343699 -139.651021
16.048908 -61.155792
-70.277105 92.342978
24.155944 105.628578
-7.305632 -128.572281
13.054449 163.932180
-16.656855 -120.574648
-53.225182 119.878312
-5.925113 176.634775
9.446814 -41.533990
1.769264 94.547213
-68.633277 103.881786
70.579810 113.360544
19.851302 -38.573550
-26.550085 23.466224
33.532304 -45.323085
-30.859606 -124.483816
-65.227516 166.875869
75.089519 98.935434
-63.858082 -17.233726
-30.951103 13.444447
43.786868 -58.104940
74.321050 -153.085312
-36.469123 107.793686
60.163576 -169.081292
53.160070 -51.536226
61.302532 179.311534
-31.246786 -126.646983
9.207635 -91.218706
33.922124 -87.003277
28.905916 30.881196
-6.542769 141.751339
-64.037517 -86.556077
87.224191 -34.867654
76.600099 -11.093516
33.293477 12.586890
13.685468 -127.878197
87.109118 -161.888560
78.027119 -85.848856
-81.953972 -43.290260
59.147426 89.056728
78.490888 164.959160
-53.567395 113.658519
20.732662 42.584097
65.257528 32.259171
75.790654 -22.875093
68.653657 6.880839
55.417797 116.401783
57.256549 -174.081848
-12.870818 72.744903
8.036153 -31.511778
-16.744894 0.360002
66.134244 79.561303
-69.283291 105.225051
-1.066047 163.524380
3.139006 -111.112668
-40.050146 -140.493336
-40.434032 154.592740
50.061946 138.429218
-5.744614 128.481029
65.616318 -133.639854
-50.879048 -43.257410
-25.465864 -108.111004
9.818712 121.091755
0.637960 -39.653925
-43.046129 -122.855709
27.218524 150.299946
43.153528 116.894946
74.014084 -108.264611
-63.422999 -146.506601
-55.463929 2.776617
7.661932 111.673707
-36.344676 177.139048
-52.439305 78.237987
59.612084 163.625581
-65.538781 66.802287
67.295570 -106.580496
-61.862200 -128.472913
-16.292406 141.120775
-18.553588 11.799364
-41.211108 142.467919
-14.041592 85.527300
65.648377 109.562751
-52.522719 -57.598182
-57.706982 -84.268083
13.459325 -44.668119
41.751303 -165.921561
28.859658 81.308541
-61.336213 -73.234980
-65.398816 -69.280240
72.442622 -136.756563
24.192871 -48.144860
-47.833054 113.282597
-28.162968 -71.138301
-30.025487 126.363876
44.501223 -109.434174
67.668516 -93.861139
-37.312898 -58.146742
-73.287227 8.593213
49.971455 87.760777
-44.631863 -149.600803
-27.353398 -87.312485
-9.495971 -4.753748
-0.574045 -55.080780
72.970705 103.838780
-64.957589 134.324361
-20.971881 -49.257251
41.846207 90.669058
60.270009 42.992687
8.704367 -98.701456
-21.207068 69.460692
62.425293 -74.924603
68.415726 -139.987480
23.308626 8.140425
73.427923 -25.103802
39.749411 -32.590329
18.582828 120.146548
21.788566 31.122838
17.056736 -147.962728
-4.954568 -12.253999
11.530954 -141.939104
-81.170693 -17.935525
31.715865 -105.236095
-5.014271 -136.194118
-89.889892 174.214198
27.780272 25.543112
-30.184892 -129.417179
22.733611 -96.471828
50.481942 -84.486400
19.861750 -131.433700
2.852530 -89.720201
86.332484 -79.137645
-71.467745 -121.725481
16.320776 -26.861425
32.199213 163.964484
19.665387 -20.755180
-11.614367 -122.893737
18.747238 -7.944033
-28.474850 -144.162418
-8.702451 127.394120
59.058574 -97.310275
14.593701 23.506974
-33.845255 -171.438372
16.357664 -171.844881
49.870540 91.538371
39.605611 122.419343
-59.339284 -47.550930
57.981609 -6.110194
-49.859227 119.968642
48.390062 -85.973714
23.646595 131.810402
-42.116918 2.730735
71.295070 -166.118048
83.122425 -106.807426
-32.169297 4.596577
-21.721826 127.324967
43.904986 -179.260039
69.937703 47.198513
51.338491 136.035783
30.092155 -126.253266
15.455863 42.842093
7.999078 -141.603565
-72.536834 -51.601974
-51.521470 -17.248770
9.578686 60.495185
-2.913590 -59.527741
12.676647 -49.637562
78.900956 66.300388
-45.612697 -67.902907
-85.983145 -178.247972
-23.502576 174.094344
-6.243257 -66.166655
-21.463638 -10.670335
20.553761 -136.006811
-30.823907 -40.753090
58.060328 -82.105522
-54.450212 -114.058361
-84.163859 68.986837
86.345734 122.093916
1.862270 47.091740
-66.976013 124.915936
71.288593 -61.558809
37.586604 142.447158
-57.119721 65.862459
36.848206 -133.954880
-83.204816 43.481228
-87.490476 -77.639350
60.126436 -9.677809
67.777996 -149.501564
-22.890609 150.554451
34.483228 -152.155676
61.531221 108.437993
-12.818743 2.911703
50.070481 34.586517
40.903164 -115.249246
10.452219 77.655283
28.114575 0.478695
-6.370949 -6.294202
63.673590 145.762210
-34.730033 -88.973377
-76.754968 -37.070547
15.936156 36.990891
-28.435421 107.031425
56.669996 -44.403814
13.064165 -70.277205
33.373151 42.022101
-76.478511 -31.241415
8.134266 164.944150
-74.444433 10.629689
1.808723 104.283110
2.369301 -155.261230
13.481091 -161.983465
71.970751 82.729309
63.882356 124.295694
61.169761 -126.028071
74.285195 -126.002648
-89.434208 -57.400048
-19.005114 69.383936
-8.872782 -81.521617
-34.453805 138.663742
42.028971 56.900339
-2.457430 126.601455
15.873602 -54.110976
-32.761056 76.206553
-16.497125 -61.772924
24.539125 121.134867
-33.263694 -120.657720
37.384436 -36.660104
-47.553498 -99.880238
-16.977722 -165.037026
-57.648298 -95.574769
75.766484 43.955211
68.530336 -70.067203
-41.681606 -94.499159
23.287292 51.805073
-78.598980 153.361671
10.844442 174.947267
62.659955 6.245039
-59.412369 120.898805
26.307170 -59.065472
-22.073329 -149.619339
86.659539 -34.028072
-76.523169 44.334185
-52.609384 -152.146269
-21.137115 146.804616
2.625780 73.032833
-15.362509 -41.029611
-41.122663 60.936872
-38.529239 106.497529
17.820957 37.756413
65.221347 168.934509
63.794700 85.971851
17.191597 1.853937
55.811664 40.317216
-62.757656 34.016209
57.551965 -114.979733
32.181936 -68.298067
21.463625 -161.078769
36.425099 -116.095275
-37.459067 38.738867
74.432127 87.752084
-78.949116 -53.701239
-70.351815 19.613827
-18.337889 -142.638073
-41.572926 53.196157
-37.487450 -37.806653
81.651071 -63.118481
-13.064226 -169.714199
87.031712 -17.342440
-13.697803 85.449487
22.348690 -156.968896
-11.868397 -105.929637
13.170463 -33.352895
-41.006579 -92.412346
-83.399048 177.689132
-6.377483 90.654936
-13.168640 80.857729
40.597616 23.779857
10.294994 -138.754660
50.347998 97.315146
-70.898387 -103.272381
-86.757593 -135.329187
-54.412556 161.461609
-44.329378 -56.500919
-27.631728 26.253332
-63.049599 136.790854
-77.134844 -140.069997
-19.779502 -113.913723
-62.290105 108.370748
-62.697902 -56.546448
-7.762963 99.723414
87.325426 160.245078
-10.997533 -91.120504
59.151851 123.553369
-39.558186 -60.754746
-11.801721 135.592617
22.838673 39.060194
1.052470 86.561340
8.263494 113.297377
-62.482599 179.494199
-58.585624 -58.845730
70.538376 150.198867
-61.149587 -40.953926
32.972539 -53.748517
50.501179 50.998773
-60.617749 -25.890110
5.478570 -55.623127
21.145933 30.136378
36.614800 -85.429480
74.108937 38.765341
-71.957453 -139.391409
38.055823 111.730272
85.251957 -34.321946
45.617101 36.302354
-31.413224 94.528293
24.938244 14.629543
54.154336 -47.556387
18.685427 89.651838
23.136500 96.541760
43.222648 -1.436028
-16.486998 177.228812
-81.472470 -102.050664
77.062288 127.270789
89.307757 3.106755
-68.424823 139.518301
55.474908 -166.439778
88.042271 138.754086
-66.626570 136.574513
-28.386417 -11.535011
-59.250824 -157.221709
73.460257 -40.297076
-21.641177 -164.653316
-68.818180 -162.769701
-47.075483 -31.956084
47.648198 -46.479324
-78.463813 -91.967750
-28.026049 -54.681061
79.595352 -60.395855
35.413553 -90.174436
-27.093147 -142.212362
-70.797452 -8.219551
30.009257 6.421478
78.205862 -79.970525
11.920174 -91.732381
10.388596 -67.698235
-14.318261 -2.022500
-58.534150 -171.309107
-13.108389 -178.919502
62.054203 164.257827
31.533143 -38.313597
-41.523919 50.079515
-8.995542 -69.362098
-86.038379 -37.460803
1.278139 1.982979
-40.003216 60.260385
10.127019 129.128440
36.780455 -18.427071
-69.228343 147.820280
-32.683822 -94.587250
62.473302 -31.579622
37.905544 -178.725950
-69.217738 -159.924881
-77.279018 142.902045
-37.900757 -148.079568
-20.097638 -126.492711
-12.168031 -93.729460
35.197022 122.482644
-69.262383 159.664671
-35.642126 73.624165
83.522954 -60.291450
1.711806 73.100265
8.012724 119.482060
-26.901516 -112.222372
84.901960 -28.390702
-12.905690 -36.161362
-44.350655 -70.341027
-30.724833 161.509073
-53.722882 -51.907148
11.092761 -62.129574
-30.332021 -100.241729
23.656588 114.190431
-11.416586 100.494852
-15.156223 -153.172382
-59.501381 -76.097495
87.781124 -161.078781
25.077750 165.124800
58.687501 29.587853
-22.231501 -86.488062
16.306383 0.782127
24.398257 76.517278
-37.806512 82.396521
18.009751 23.453530
-10.040000 62.538579
86.440899 86.716531
41.818184 -52.638880
-15.359012 -129.073596
-36.298545 -176.492407
10.928584 -150.835401
-24.583948 -161.077239
26.229746 -170.826496
-76.105011 148.553358
0.713616 -98.968834
49.140693 -70.863613
36.287568 -122.086142
51.240983 70.556723
-26.807770 1.807387
36.041374 -108.145036
-37.018144 -155.990792
-63.379506 45.761581
-34.527001 -80.670249
-30.555909 107.130629
15.178901 86.976872
29.280217 146.325034
86.386163 110.040414
13.813768 -103.631702
-0.896118 -94.455780
-52.181542 -50.997318
-78.623998 113.126339
78.792713 7.618615
21.040922 -23.628732
38.295026 19.508484
21.424578 10.837501
72.634636 -145.749671
0.156970 -54.402538
-42.422809 -78.461586
-37.851002 -30.014155
-7.373044 -28.778866
11.233443 -40.388192
-25.335482 58.787784
-16.058836 -156.207622
-77.742730 75.462892
-72.040210 -145.256396
-83.098100 -165.196520
-81.999213 176.084766
87.584119 -125.710646
-58.063870 -148.564327
-24.633925 -61.941391
-23.596014 -150.238871
24.754971 80.187379
57.236416 -63.006893
86.765659 15.198848
49.492861 -37.501344
-48.879738 -74.518745
-29.128933 20.276222
-58.909607 -155.083023
69.179101 79.199599
63.461257 -49.528064
-24.097023 -156.801371
59.318879 84.811079
49.795526 157.771822
3.080701 130.488534
-23.633180 33.102850
78.155431 -125.173352
-31.198666 67.108387
-58.914068 151.905051
-10.316548 -123.726582
-66.436297 -170.980514
-53.474390 -164.610364
37.974552 -31.179744
56.812343 53.829883
-50.583676 -44.341656
-1.447729 -147.116612
36.119003 -49.908553
-24.601140 144.066790
11.710896 3.277189
57.058835 60.905603
-42.484865 -142.171309
-45.120892 127.599057
-54.030455 -67.886797
58.983593 173.703263
-51.782126 -121.305131
-23.902912 24.626288
-37.705743 -78.818733
36.312280 134.055157
-57.563427 -131.727649
87.499938 -44.447151
38.709195 -118.902386
50.832619 180.000000
55.010088 156.845837
59.226411 163.975410
56.268179 85.673924
-52.707065 -107.739347
-0.932144 25.828785
20.271224 74.034195
-55.011062 73.013307
23.357776 51.206877
61.196932 -49.191903
22.868831 67.067367
86.468457 -84.559710
55.695197 -106.538979
-60.489050 167.902269
-22.368533 -54.888283
78.918393 -53.104046
-83.875459 70.611620
81.296582 -35.904405
21.083480 -150.491953
37.911981 -3.607214
-6.563471 -118.651279
-88.089651 -177.351250
-54.538418 123.307449
40.277383 -107.783776
37.489909 51.285641
-44.300777 -68.771009
-82.926837 0.834391
-16.970178 138.130892
-16.457301 -20.622246
-7.748872 -139.952977
-68.674239 -51.977857
-26.769364 111.380089
-48.899643 -99.719340
34.867658 -9.735059
89.727734 168.092542
-79.657324 -83.063026
4.210585 133.641044
-42.139524 -94.075323
81.121803 55.406824
-11.887860 -73.960387
0.394254 -129.476169
-49.218788 136.159389
-24.963578 -23.239468
-49.433167 -11.827962
-26.697249 -53.527015
-74.403698 34.177521
-37.605127 177.061765
81.834202 153.136167
-20.306372 62.689085
-28.661585 54.307473
51.462721 -173.264517
37.274989 -160.324445
78.720212 -139.973772
-41.983678 -17.800503
57.673025 -29.560461
-87.457498 -47.031215
-34.221975 171.881287
58.003023 -40.993472
-56.574507 -57.059729
-88.177388 25.247284
-1.164475 -116.693394
31.242547 100.943276
-18.223722 62.067734
-79.195879 -83.982277
-79.303964 5.385924
85.769335 -116.380252
1.772918 13.382323
-20.279373 116.334138
7.717629 39.203557
43.770302 152.083283
53.012304 -164.859092
-66.938070 -127.960753
-66.856779 76.412272
70.435654 17.775350
-51.338819 26.936499
21.878645 -137.765191
59.913760 176.904083
42.854761 -95.478989
61.185315 -89.850142
22.471320 101.025821
-43.516221 -145.971115
-1.420248 25.858368
-85.746768 -148.710644
76.398375 28.239573
56.421966 -22.345801
35.369375 -30.139995
-30.587251 35.663336
47.470914 -144.604755
-33.064872 -111.383217
28.462054 -68.193227
-15.594174 84.773245
-70.602502 -13.665406
76.717516 43.629078
40.397165 164.622751
-30.363439 -122.517961
-82.366792 -40.103613
83.450084 83.743711
-89.623311 78.128265
-24.283980 -26.987187
52.252247 -177.310907
27.511300 40.929574
-53.741310 70.099099
-30.025766 62.609590
61.823932 21.967651
-33.295785 -90.487988
9.826827 109.588234
46.837337 144.489436
32.725308 22.931749
39.431867 -20.575687
68.194142 138.630255
36.247561 -14.941316
5.266707 100.952816
-23.128781 -67.461133
26.748024 -176.119362
-33.123237 -113.686685
67.597689 -21.012983
61.685083 -176.737190
-35.071351 154.286238
0.263206 -59.374569
-75.213087 11.273261
88.555386 150.250207
-41.653590 -62.522580
54.163150 84.671420
-73.858340 48.876956
2.111686 -37.027846
-22.254549 -56.936595
23.697546 21.312232
89.062602 85.708473
65.889696 -176.167759
60.974922 37.798340
28.150146 -130.139960
-2.362601 106.322555
-39.675798 -38.213533
-85.500174 -67.290934
-75.906179 153.710404
40.270357 -158.683453
-66.154664 -80.574957
37.810268 69.799618
61.151984 -144.701598
78.393826 -136.631941
-12.862474 123.453396
-69.556562 48.514635
15.987197 53.723600
40.021606 45.380483
11.959712 98.761476
-72.678318 -95.709182
62.873007 7.779553
59.422712 -173.944850
72.013185 35.307974
85.677522 141.493906
76.486751 137.057679
-19.342708 -113.374900
-30.901174 107.603904
71.912002 -148.202440
-18.346420 132.956437
-18.181429 -133.769433
45.337337 -69.432623
22.956577 109.383211
-36.190189 -146.100517
22.549402 37.286680
43.948727 19.343853
24.366712 -177.504591
-11.689685 75.790061
-38.469442 -64.015218
86.205198 57.094954
-77.628656 -6.381268
17.742925 70.636181
-52.730129 -45.935317
-44.655824 -133.574709
39.813267 -108.946019
-18.316358 57.315389
-86.803753 77.600021
43.393983 -162.030835
-5.543056 71.481390
71.001924 -161.501250
-73.187250 62.087347
-60.673615 47.945573
-77.428404 123.089458
-47.790696 7.455589
47.204978 -92.570871
60.539503 26.401525
72.949082 52.468614
-50.014455 129.159665
25.720139 138.638526
-85.717972 78.942049
47.780361 13.846969
56.904107 33.411263
63.157565 -175.116241
34.059336 15.353672
-4.720571 -130.232258
-71.154447 -172.196166
14.569600 -40.949250
80.403269 -128.592113
57.811727 -65.165493
83.215914 -103.291246
7.530021 -169.975636
-66.642470 -114.246194
-10.743892 66.838902
