500
-7.205235 146.892459
21.471213 -132.059595
28.103320 25.313339
-61.279544 -73.902781
-72.938097 -43.950306
-20.941904 -168.104143
74.616744 101.807595
-5.220331 32.066129
-35.268663 128.882234
-76.214046 124.147687
-46.641983 175.704823
18.704953 26.424060
75.021947 78.239604
17.108047 180.000000
16.985589 -10.100335
-17.577907 -10.330906
0.392740 177.957271
49.819264 -87.882349
-59.701938 -178.148868
-64.426588 63.078688
60.903285 168.329635
12.318494 -75.479906
-58.581629 69.829856
-82.499594 -118.913646
84.337952 -105.958987
-31.035246 -165.928067
34.394539 -22.532703
42.768225 -131.418231
-89.764463 71.375398
60.922912 -24.051059
-84.008686 -174.263169
13.583694 -46.694018
-20.804521 -4.364301
34.796879 -16.283659
65.141840 129.272167
-83.282120 -119.526694
17.911245 155.393176
70.057086 -56.458258
81.673525 -164.598932
76.500240 80.375565
9.184275 12.838373
-50.997659 119.682244
-60.198107 131.470701
73.332849 -4.500593
-30.181617 25.117905
38.940158 -158.823692
12.811035 54.498362
58.784128 -25.400354
77.871954 168.921853
53.785832 36.726218
35.303912 175.384099
-84.447579 -71.160511
78.410847 153.044491
34.536199 -171.249743
-44.554062 132.576436
-73.678187 -165.022201
47.498680 4.475999
6.494704 3.078620
-3.729331 175.872090
85.134629 -179.238996
86.021562 -58.897120
70.503778 117.638759
-18.608536 -1.555172
55.207235 -89.843365
-3.304186 160.556277
-13.037128 60.348759
79.458583 -168.303172
-4.070030 -167.356054
-2.538694 -7.297993
27.871093 -159.483459
-37.527845 34.820556
-89.394839 -40.102366
-54.384825 -51.766321
32.174182 178.994506
-54.578077 115.017627
8.952529 52.202921
40.642140 -23.840395
25.971469 34.070165
-23.320078 -107.587533
26.182879 -63.710307
-18.185084 44.526196
-35.604923 -103.982780
6.405477 99.989208
-3.674332 -66.381032
-1.272418 20.899125
51.966966 -31.667067
-70.508593 -15.306917
-70.966481 98.145255
-55.234711 136.709571
5.615544 6.967078
25.847527 32.639461
85.258838 118.065098
-40.121001 -11.699964
-53.279466 23.970091
-6.803228 -152.074065
10.708441 171.789108
4.574692 76.556135
-32.798825 43.341266
75.032519 -113.708208
-44.868502 -61.631426
-40.161177 -12.029302
62.207301 -177.580350
55.842625 99.383312
51.918430 -120.002380
17.723484 97.655238
-29.365374 145.661100
11.381253 58.746250
-49.040081 0.490916
44.203390 -127.283740
-15.930054 -52.998065
40.533105 25.830913
-40.114660 -148.954388
-63.042008 -151.999336
53.278850 -41.497599
11.006531 78.213731
84.344732 -170.287587
-20.373312 125.429829
-19.427913 58.807391
-42.923998 -62.642725
-41.623825 -103.067023
-57.328402 -113.978358
89.051364 50.956983
27.061251 153.582024
67.003373 170.972691
-82.066537 -62.865768
35.130125 -34.564804
-43.196248 135.294233
-48.190507 70.843105
-48.648292 -139.489205
-54.394544 140.189855
-15.967717 86.280299
45.485017 -31.511655
-19.894132 -61.787683
-47.344235 -91.776301
59.939619 143.435447
-7.670127 -175.971890
-80.291968 -162.391007
-10.069716 -137.587099
-60.767990 16.136404
-35.792905 26.985313
-14.555984 -137.554617
-67.499143 63.752058
-20.947626 -124.272204
-63.378684 135.561376
-41.106222 83.214189
-28.569401 -146.700956
-72.423584 171.661574
15.688012 -165.900416
-23.918671 -12.352205
28.167230 -131.299514
64.367008 -35.054639
16.196341 -161.778827
-74.139584 164.747536
78.533742 16.352095
-67.711727 21.958453
39.992415 48.227328
43.643500 148.349195
-74.909104 142.656235
51.448713 -22.178952
-23.581149 -82.597003
86.868371 -85.109304
-18.016178 28.543883
-23.024357 -13.724699
-61.509418 29.185870
30.864659 -65.636722
-74.702381 117.486530
24.596663 -30.002338
-3.736365 109.392475
19.314721 -87.347319
-48.704164 -32.372516
89.819240 -45.357714
-31.975669 -7.878520
15.395791 -163.402022
87.879972 -177.061271
-25.220190 -144.086884
-53.904188 114.248795
-76.255943 129.080448
-50.092868 60.111121
-83.679353 -79.043923
-49.641190 135.801452
-63.960973 -108.607847
49.869157 163.096093
-24.112018 163.633946
46.871425 96.254086
21.284991 105.354466
39.638897 158.493590
68.391549 -59.148535
6.110405 127.434551
-9.193803 -133.267850
49.648984 10.540513
45.940497 18.615256
61.921369 -49.241143
30.249613 126.259423
18.001470 -43.021188
-25.700028 170.433635
-31.681359 137.759703
-29.536668 -100.471849
-47.147908 -63.991993
30.122708 179.233109
-25.461181 -167.175009
-74.652394 -44.851264
-6.019807 -75.767166
20.301820 -103.934418
55.285592 -57.530987
-78.098155 117.035498
70.944775 -30.778657
-58.910946 159.909715
-64.164274 -54.508230
-70.633554 -64.524721
-35.536360 172.168977
32.882839 -113.545525
28.366438 64.600077
-35.503532 -150.909241
-47.465385 4.508932
-8.520660 65.766320
-40.084061 92.113281
-36.458576 -80.642876
79.477096 166.858486
51.118783 -76.408363
-18.170268 141.494469
-24.248479 88.643651
56.518912 -50.238050
-57.205670 -31.856897
-58.028418 92.792862
47.160515 113.748521
64.425347 -33.701127
-37.355135 -11.875071
79.338567 85.435635
-9.733874 34.946588
-73.437887 168.121380
-80.861677 114.524067
-43.194365 88.020558
-27.698411 -86.149403
-88.609596 62.345213
63.892667 -130.046367
-80.248209 179.677274
-47.499255 173.748153
-46.156794 -179.289172
43.785185 -28.752341
-24.595338 -134.043748
50.503464 -178.865242
-52.622262 127.174385
-73.519742 105.026970
-86.032711 168.597083
47.103003 114.181745
-57.261413 12.675099
67.309275 -138.525748
47.426052 153.491344
35.906552 -154.409225
-42.189430 35.275742
51.829100 -17.868060
-68.521556 -147.135799
10.044143 19.199609
50.222034 114.307012
-47.410385 127.010301
-13.411687 -76.202597
-9.110971 -43.218287
47.898526 54.887260
48.526095 134.653940
-87.831620 129.875856
27.214050 -78.425447
31.091062 -84.657718
29.931931 153.963342
-27.216206 -135.906643
-53.964658 170.417329
-77.432946 -160.514405
-71.260644 103.372370
-75.040778 165.801381
-65.229484 79.391353
6.542225 -0.569609
49.179985 42.236911
7.893519 -11.303747
-10.008586 145.672068
84.951673 -80.371875
-32.777760 27.046028
-10.465276 -62.576716
21.501446 70.159788
-77.299941 85.794396
-48.206477 -86.641295
73.215144 -141.330339
60.551613 125.326061
-83.687748 71.689414
-84.425031 51.481853
-35.680139 165.476153
-40.659168 50.215104
-4.989448 -57.166622
23.026352 59.746545
-63.216130 -160.565382
-87.426607 56.794196
1.871270 113.008842
-22.324248 85.155298
76.356234 95.494669
69.170111 -140.798743
39.463892 -6.572248
46.753350 -10.274976
-23.419073 -44.329883
3.783221 22.074092
-85.791626 147.220868
6.739696 71.886806
70.891177 35.889222
-44.096009 -112.263989
40.873858 119.730993
10.480126 78.230664
-43.393445 13.677041
63.470853 74.019593
42.552632 -137.448813
33.388363 15.150101
-71.707131 80.048773
9.472581 124.526141
-74.439468 -91.410928
18.303845 57.502581
34.767633 -163.961656
-86.216437 2.668894
-82.005851 140.574556
-29.441097 109.608506
51.104368 -9.151945
4.616342 51.866676
-54.085514 71.542141
-14.121128 92.060625
7.065540 136.970176
-1.338297 -157.927039
-36.704316 35.855240
-84.651174 171.530689
-54.524058 118.083441
-14.856131 58.060348
-55.981559 149.858078
-67.580630 43.024169
-33.009506 163.743416
83.471272 -53.403103
-12.954692 121.625929
79.048511 -0.360324
-66.519467 -82.376381
30.789297 -37.148761
3.016813 134.982333
-39.772571 -40.087592
77.769451 -78.134512
-33.100151 -105.124882
73.767101 103.215959
65.312403 -72.283841
-66.612597 -53.073356
11.236582 -34.545391
39.058947 -157.102368
-51.916165 -111.226137
-87.574529 70.655831
67.380091 -101.313484
-56.365840 -128.626697
-83.159423 170.067282
27.757160 -71.204510
3.482759 -19.308481
-67.095541 -143.635054
69.784321 -106.424744
-28.458085 -59.555836
4.364650 43.591263
-64.703943 -12.905686
-20.346495 148.206130
-45.130518 -111.811603
-35.457241 -61.230642
79.325852 4.218288
-78.482846 -53.709472
37.195897 83.617680
-27.632985 22.834751
-61.837579 -172.696022
-39.080179 123.426749
-48.266353 3.539945
-47.863427 -142.363014
-17.984944 -0.142669
54.032648 8.253422
82.597503 -18.845985
-18.440319 89.787840
-0.279655 -149.899393
-31.232471 49.233904
-84.090634 129.494785
-17.620105 -122.037601
69.193356 -151.332043
9.532237 14.389275
-46.305240 -1.406239
88.347055 160.486806
-47.773826 -62.124398
57.739400 -117.055908
-61.581779 -1.165466
29.881873 68.231110
2.512746 4.277780
-2.738010 -37.296917
68.133445 -171.430746
64.454113 17.321555
88.441319 129.084052
44.291845 4.521814
-39.843037 44.659538
44.678305 -83.821016
-31.118625 70.679277
-32.999678 -1.554534
-72.844264 -24.575361
-75.941673 -40.075563
-56.228864 75.388619
52.724075 -158.680353
49.500761 49.628459
-33.023333 -76.624923
-0.694835 -151.096630
23.528415 -177.551002
32.995215 -5.961881
-86.526164 -59.704224
25.172710 26.048377
-36.033529 84.236214
23.517490 126.617793
-1.761516 42.240876
60.939671 -114.571326
-68.407647 101.002841
-56.503907 50.765428
20.939817 167.093894
-50.439975 1.003161
-5.447154 -36.188017
-50.281662 -63.359463
53.318466 133.144501
-29.937760 -40.476754
28.356909 -43.196495
66.904938 -67.566689
70.233700 167.022340
-39.559030 21.217057
80.948323 -12.728614
0.648217 168.988348
75.174907 58.272830
-76.907142 153.327601
-88.207811 -10.303949
89.596421 140.544869
-58.732520 -80.105843
-28.505048 45.120606
55.518870 30.068153
2.425524 36.629143
17.028298 -51.313074
7.696991 82.146743
38.908286 -109.688453
-78.559091 28.497060
-29.752311 -1.503566
72.696119 5.822397
29.651511 12.471850
-14.438877 116.732077
-18.320450 52.649050
2.342244 86.013155
5.663768 -7.013448
41.525139 127.028837
76.389238 107.338797
17.188568 107.392652
-57.497425 -47.249307
8.660612 10.120595
84.554713 176.864543
32.068844 -76.869713
18.901613 -9.676743
-87.179622 109.965518
-41.305768 34.288010
31.169508 136.868921
-82.036688 -28.983310
2.693113 170.768831
67.165151 -72.530507
33.910063 37.285567
-20.713593 -3.968981
-27.261449 -123.576355
-55.650120 115.848530
33.121403 143.832697
-9.757993 104.020282
-12.347764 -12.208428
67.483187 139.072212
-3.617791 -79.890253
-1.047553 -129.258735
-71.156165 -164.797035
88.006829 54.676636
19.110152 -175.287041
82.139538 123.545067
70.003260 95.485573
48.304297 -176.291102
26.612410 -150.451782
-45.371373 46.378254
39.219306 -127.978365
40.051066 -43.457510
-35.200613 -100.996960
-17.614140 -146.564009
85.510571 33.255879
-85.985194 -50.301471
32.307249 132.664435
24.449731 11.516199
53.301808 -142.260281
-15.528811 127.550959
-42.472848 -80.058047
-53.037229 110.244235
46.684668 -42.262188
-36.404502 34.995691
43.994828 -130.291365
-84.371891 -28.513646
73.780945 80.510586
53.137967 106.506269
-39.275464 -134.501032
-84.358612 2.224186
-87.474534 -157.988096
-75.898788 112.104831
57.399620 154.410734
-9.091062 136.049037
-87.422870 127.172781
34.504318 -17.998978
38.259647 -12.736860
-31.304922 109.690521
50.234902 173.900030
-66.257254 26.475276
24.558235 24.785947
-35.536059 36.136570
53.534841 -65.179515
17.853265 -32.697642
21.734576 -146.040842
-20.700950 -172.377519
21.910759 -65.122881
-35.991981 172.864568
-11.176613 -88.939832
44.098702 53.829109
85.104474 83.452174
-10.102181 -84.221441
73.859068 -169.000954
-66.085923 139.635782
-8.246440 -120.215235
75.182697 -97.502853
30.612640 0.541781
-34.739802 133.641467
36.557354 -97.573111
-13.183492 106.118374
66.605578 179.799521
-21.560179 69.371373
34.273892 125.838450
-34.567578 -179.878565
63.533049 -178.576904
-64.941799 -88.457656
-33.182660 -72.151984
-85.863530 130.398248
-28.282873 69.803717
-39.521065 49.202298
41.606370 -97.377629
-26.770380 71.192183
-82.935967 -99.629734
-64.645992 -111.838868
47.163968 -147.550487
31.971634 -95.588858
21.951881 135.371530
-81.157066 44.916393
84.802378 -162.893616
55.719465 -99.457150
-61.078433 164.705189
61.028656 -151.382299
84.022614 -67.296809
69.307223 98.409646
54.883929 63.347384
61.487799 63.623122
-89.256995 -178.387321
-73.267709 128.861466
0.820079 26.575578
85.116660 -50.583605
10.191452 -150.951109
73.555766 -133.223924
24.195946 91.441715
-0.686902 -64.364719
-43.169877 70.163749
-5.279093 -49.047566
2.140505 41.197115
34.589959 -36.696428
-36.662475 -96.168870
-60.581065 40.217758
-7.195673 3.184896
-66.300458 53.512538
-41.960359 72.647875
16.119131 119.661307
24.998542 -136.903518
-44.247708 7.546538
13.674235 -114.913259
-89.488813 72.124510
-8.560360 -65.493509
24.687958 111.759884
-70.854657 8.555263
25.506907 174.522659
-26.859934 113.588535
-82.635335 122.252983
84.694177 111.383761
71.668764 -90.381190
34.016245 141.921416
-48.687453 120.393503
84.659306 -39.903847
73.884416 180.000000
-32.637124 42.665919
-63.960597 30.911791
71.957690 -31.311634
-45.906731 56.784641
-39.387368 30.215176
-35.114050 -102.413093
-42.673448 167.836286
-84.143759 -114.204100
-78.655680 81.385677
-19.594454 63.047509
-17.653623 41.523997
-49.330839 -162.358079
19.826509 -14.933964
87.424973 115.633430
74.063371 -95.718914
-56.906328 179.886712
-36.786497 16.182747
39.573123 166.466252
45.465302 -88.237944
85.285032 72.055712
-85.678913 160.251370
-13.534072 -23.833893
-40.934047 159.745411
41.227039 123.794512
75.341733 16.010564
81.785804 31.351318
15.956412 82.748197
-20.899607 59.121292
-55.978740 130.778381
-66.500292 -47.765985
-67.811160 145.643670
-88.657836 143.542210
-3.863913 -126.913923
20.734211 -41.582929
-68.437614 4.951625
84.669757 -9.519370
57.548017 17.973056
4.254675 -58.179387
44.414861 56.768109
64.767658 -172.376614
34.463659 -91.266997
85.546458 -122.626813
21.510867 -66.822439
2.984148 76.337857
-51.943783 133.928751
26.560934 179.054465
-11.363059 116.959899
36.916207 -112.874098
85.788256 -62.833526
-42.404841 126.856951
-9.652878 -164.392170
47.131070 49.588899
-29.058123 162.969181
4.230607 73.042003
39.125837 -177.722662
-62.167429 -136.193373
3.388343 -56.383524
33.900319 87.838873
57.973052 -137.901787
-34.512428 -77.767697
-4.782564 126.190518
-8.159777 73.859232
53.722862 -16.212418
1.544566 90.791466
-49.755417 -82.470592
34.646424 148.982690
-61.646879 111.564873
-69.517046 -95.163249
21.078058 -164.795817
6.407050 65.856059
36.789143 -20.570849
-20.708935 -178.971550
87.547629 -138.966336
50.549033 -160.864800
26.395325 -5.178203
-88.314847 -101.016045
79.756131 -60.074907
-87.742367 145.886022
-26.399648 175.959612
-72.082895 -147.334654
-82.976538 -42.720925
67.211923 9.062567
-25.949178 -108.420026
44.569023 -140.578706
17.762089 55.023552
67.638691 44.050555
24.119920 -60.793728
-61.016246 -16.448716
55.000945 -124.533772
32.477418 -4.120897
11.401038 155.057447
-16.834002 -42.519537
-15.965341 29.986013
82.129274 115.096052
2.564365 15.525435
-31.065803 -122.581288
-3.317090 -94.399394
19.082529 115.851735
-43.924432 -143.260284
-59.831731 173.794940
51.667006 -173.624985
-21.455270 -154.344874
44.264865 170.054811
59.084151 124.579221
67.526971 -61.730452
-72.863499 -138.559987
-43.978935 -51.908602
7.984350 -48.771523
59.842475 -141.591288
13.484684 -3.680183
42.152242 -161.515757
-3.302279 -41.527028
-18.705899 -105.228026
-50.927789 38.179706
-40.436580 168.746657
62.251951 167.366612
-80.379047 44.147486
36.276069 131.572679
-57.339524 169.941447
-52.295978 -135.494659
24.807476 50.648384
1.693854 -98.461360
-42.728072 -59.688472
67.335859 -103.738330
49.272329 -130.087292
-42.332574 149.330158
-5.412980 -89.218385
-9.197861 -60.196969
26.910232 -20.175716
53.799114 126.036185
42.788759 -71.130819
-69.526682 -41.023619
66.716222 -96.543477
41.062493 62.054764
37.560458 142.829326
-8.161826 -158.958396
-87.112704 -44.031589
42.702702 68.471044
89.319088 97.737576
-71.078537 -174.915817
-59.214351 124.631702
-88.654830 112.454882
3.930486 -125.741652
-65.245397 -108.704035
-2.176643 80.935201
9.253414 -2.982309
41.267603 -124.893036
74.288708 61.934277
-45.732194 -121.010061
37.525499 36.652881
-32.606344 29.954840
32.200208 -173.601002
58.192729 -139.031125
67.657068 0.735627
-19.806944 147.035028
-8.663788 -97.737712
31.892992 -7.697702
-29.359441 164.456667
15.109551 77.875439
-46.261575 33.534073
-34.012312 77.631199
27.359068 111.762153
79.913749 110.399239
-18.712199 -16.619429
-42.016335 -171.012624
-83.949146 164.803905
-83.862011 71.123535
50.957262 -74.880985
9.877049 -49.793404
88.336946 41.762897
60.834259 69.985545
-80.004983 -10.095548
-31.634968 167.147736
15.919907 -54.798630
-71.902363 19.121997
-38.205593 -77.195573
-79.339731 -29.136330
82.750345 166.747571
-9.039257 -1.467713
-54.253569 -70.394031
-82.982401 155.899115
-82.564631 -170.303818
-23.800990 166.781919
-34.694266 72.682262
72.251230 36.747398
55.505180 -20.070497
-15.430342 116.409779
-59.533511 -89.882968
-25.018002 -12.807384
12.907777 4.760911
66.360117 -177.403163
-86.329829 51.811941
68.648688 -11.234062
57.552072 96.068109
16.404634 -25.892549
76.915789 178.216688
76.936564 -160.935242
-77.995790 36.464950
28.392814 -32.401205
-67.196654 -93.613356
25.028994 -22.641887
40.868647 125.019681
-66.316816 38.773607
39.054504 172.727510
-57.122401 57.162356
9.376301 85.284533
-85.177947 -58.606272
9.028718 -129.392053
5.181978 -120.845359
-62.013707 138.057669
-61.291633 92.216375
68.640943 -62.156515
24.940192 -135.391946
12.682586 113.083488
56.417956 -5.492645
62.944451 150.432519
-46.444417 28.972504
61.977523 -153.903341
61.579466 120.825487
56.224929 -85.977154
-14.828665 94.531836
-12.399447 48.153526
-36.722354 -156.753099
-18.781753 -133.099593
76.181922 -40.911009
-49.369862 -9.480422
-23.735367 31.914180
2.687603 -86.144216
-55.232740 85.029151
-87.393767 65.417245
44.421704 81.111082
12.624607 20.907998
-87.695042 136.358383
-46.710440 -93.819656
11.606316 103.802032
-53.619708 84.446204
-68.538265 -133.722861
16.936962 -38.649258
74.903716 -168.936073
-25.291501 -91.487941
-69.144543 80.987093
51.122872 175.262551
-18.412252 149.139053
17.042007 20.381493
-1.019834 -140.312914
-75.814966 12.005498
42.755740 -12.771764
-88.763187 -162.942022
-65.624815 -128.912621
-65.363702 72.964273
-3.332764 -87.124814
4.450749 -170.479452
-58.930264 1.262027
-67.678017 -133.613173
31.294222 50.507102
8.794640 41.861927
12.296007 -114.419588
-85.380749 -83.036596
-16.901182 78.397157
-83.143118 51.281511
-45.454605 -163.656991
43.858777 18.260270
17.915126 2.766054
43.629123 35.091533
-61.891863 -96.482634
77.192686 179.104756
-20.058229 -128.132451
17.817829 8.305594
35.228651 -101.101393
-13.291550 65.741291
60.356983 90.776484
-1.212691 57.580292
59.066730 -52.043426
9.939782 27.155463
38.108018 43.401200
17.773977 -55.162481
-19.304334 -56.681297
-59.604750 -149.740817
-19.632790 125.629330
-71.981032 -153.953211
-13.654316 23.841742
-14.077798 -143.264034
-67.120843 18.931990
-53.067681 -120.693707
16.264882 164.643889
29.869578 -164.923813
82.351925 164.498249
22.510538 -57.086911
-72.826472 -159.694703
-6.643069 -105.512794
-85.067953 -16.321854
60.276053 146.279524
76.039986 -119.106787
-7.575888 34.269518
-66.012888 161.441540
66.797151 -33.773245
-68.103691 -91.256134
-32.965275 138.503844
-3.414650 38.401073
44.011756 -112.301627
17.673354 -107.181496
-35.593793 79.113808
-81.974179 66.279196
61.693487 109.178883
51.209503 91.414134
25.352367 -46.745176
-85.350616 139.451803
-49.124863 169.551660
-2.917780 -172.013345
-87.953564 38.549074
85.270232 -33.222089
-66.421986 -5.294655
-30.442575 154.675966
77.979529 101.197737
-9.191006 147.687299
-83.458116 4.567606
0.639630 34.391665
-51.754880 -68.421016
-64.983197 -149.586086
-6.371007 -100.472062
-75.914985 53.701826
-75.921431 140.487917
56.163393 112.400275
10.317779 -65.725238
-37.140242 -105.978137
34.198061 135.313224
-18.850355 87.460844
2.029677 -155.531629
54.974166 149.947586
-33.242986 -135.684059
70.176020 66.059797
39.464228 117.775848
-21.660123 -131.614314
-15.208386 -66.337256
-46.305087 138.407925
-20.010229 -146.831387
58.415202 43.189088
-79.600753 -76.497734
-7.106057 94.310835
20.781005 93.137644
51.660550 71.047125
79.486079 76.286045
-55.176771 -77.832505
68.977470 -88.809396
87.993722 -138.571421
49.495676 17.550246
-10.494198 -8.479477
-13.979015 -153.602750
66.439309 89.693421
10.842052 20.219629
50.054757 40.812436
21.470287 -153.908422
80.816807 -51.788764
-54.051002 83.823247
54.278925 -63.345158
-42.393001 -18.574459
-27.737164 86.105955
-66.419599 -32.626237
-39.414438 -170.319805
-8.758416 -170.491326
73.667799 134.812765
-69.518011 142.159415
-86.009314 -127.622830
-8.295850 -105.493218
62.731711 -35.634503
-23.476289 122.453202
20.605227 105.909647
67.101448 -177.913451
-87.584212 -20.425665
-56.739694 89.124851
-57.551784 79.847576
0.366179 112.602127
-52.431489 -3.908365
-47.904536 18.147283
-76.540279 -102.454659
27.556767 -136.167800
62.133642 24.227404
59.000482 133.422713
7.667699 -155.624396
-62.791181 70.373246
28.441088 174.684864
78.682363 -110.376130
-16.738360 78.603071
-62.839794 -148.118355
-81.365597 -155.481350
53.689905 -43.674635
84.820769 -144.430363
-21.498886 -94.575539
-63.258892 -144.964519
-18.722661 106.394261
-39.191778 120.318873
0.032030 -65.150056
-31.158380 -66.000924
-72.476145 3.427615
-37.970647 -30.102781
82.067845 28.196694
-73.836673 -152.060197
-44.531773 -129.022305
83.444635 83.714358
-57.227059 82.906747
-57.995633 -4.149708
-5.628166 82.583377
29.148109 -141.700634
45.485782 -81.058353
-32.261313 122.932903
37.809497 -61.186394
-2.141644 31.291756
-53.852365 -113.945705
-35.372701 -64.358869
47.078485 -14.013413
-23.570556 168.777305
-77.250216 -72.543471
-50.800398 21.695422
-68.153005 -126.482194
-53.383167 80.012213
-69.063083 -176.085228
74.111811 16.210582
-70.383332 139.265982
-14.862077 22.064512
