500
55.507886 -149.798692
37.738357 -151.638908
-55.775334 10.715675
43.024387 126.357341
-24.707386 -58.208694
-48.789785 35.061750
-58.895878 115.581691
40.071009 -83.106505
76.995582 -115.304639
42.414754 158.887220
-1.535156 137.890148
-83.894284 -60.435196
-49.267647 167.526645
13.447667 95.152508
57.324415 177.005992
86.792166 85.791154
-85.027524 178.834807
-87.966689 -39.306415
-67.023381 25.199204
88.844902 55.023457
78.932564 77.746577
-29.378739 47.435143
69.701575 -25.735040
-20.291348 158.453177
79.215674 13.121844
52.012704 27.276697
-86.664009 -38.190956
36.773449 101.331234
-17.770882 101.965377
-48.200468 -127.832723
-83.063727 -116.731812
-51.065969 -7.408320
72.705594 136.169789
1.364908 -7.568893
13.462834 -68.848747
-14.693257 60.067760
-63.021362 175.959581
29.023478 106.373371
-73.865577 152.035090
-57.340193 146.294091
36.196093 -103.621562
-42.135794 -60.767176
-58.566289 160.876209
53.173404 86.415009
-80.158958 61.337628
-29.808404 54.820987
-21.001222 81.744299
-42.903340 134.583677
58.484956 88.801075
-13.222785 5.404868
34.360392 -10.987181
-27.266135 -33.088486
-87.880223 -172.281303
-85.733966 -119.584429
42.996408 -77.986158
-75.181877 61.585179
-15.381265 105.315021
44.586309 20.232412
39.557017 -110.883310
-55.948080 52.568789
-53.218511 158.971396
-25.074656 37.985167
25.836432 80.363514
-61.999555 100.774663
38.604534 63.421266
77.393035 51.835165
-73.945380 -100.891301
-43.357693 119.751712
-68.524519 -16.049083
52.219047 18.925499
-46.444927 54.558863
85.685052 -148.652294
65.187588 -70.601385
47.567427 139.754995
-21.252524 151.109600
57.498610 170.030618
6.040957 -63.799035
-58.019892 117.040549
8.183066 141.342935
-25.193320 -48.005548
-72.514225 -144.816236
20.406904 86.953475
7.339433 157.957464
-31.822911 -138.953039
-22.477506 99.831223
-61.734646 31.382719
16.906125 -78.417145
44.468936 69.106797
79.098514 120.288282
40.283967 136.507108
2.247749 57.888376
-46.694732 173.972424
76.960620 -41.763335
-12.374015 -95.793691
-15.471193 -117.744808
1.170188 104.146339
-36.457800 154.536160
-11.066494 -45.666162
-71.922973 75.430380
-4.319044 149.453254
49.775620 151.293945
73.902044 -172.383832
75.733677 -48.787897
-32.140584 -65.739257
-41.391083 -90.910874
-45.711507 -114.834142
32.716913 -9.852312
-54.128872 -11.364933
-1.924657 -30.938618
-64.664312 -20.800440
-71.408793 41.330595
-10.586606 -10.808375
-40.589171 123.636742
-87.818041 -111.977083
-25.536353 161.078084
67.272797 151.896478
71.362746 62.199001
5.458910 158.970270
-72.271436 -147.390457
-22.734418 76.590536
-59.974135 86.155586
-25.381195 64.752250
81.711531 -177.005587
39.096550 151.984649
29.973447 -47.902082
65.185467 -170.175882
-55.595478 49.446835
54.056744 128.265461
89.097454 83.061132
35.446916 25.264428
36.740207 3.322380
-30.676262 8.541985
57.363742 -42.960195
-76.031704 150.042142
-17.546277 -150.854181
30.412388 87.939303
-48.239217 150.931008
37.386049 -7.461570
39.513993 119.984215
18.370119 -69.646024
-75.615013 -138.218167
36.985107 136.937287
-84.260123 144.418913
-33.627454 144.565852
-23.275629 -155.252807
8.227366 -103.185037
20.269932 4.480167
-26.898000 33.147693
-63.831849 -121.724463
-52.504042 -105.326103
52.581264 168.955860
-60.554676 -50.388748
3.356059 8.225597
67.877569 -148.444338
7.293356 163.142160
35.921954 17.608561
66.240828 122.508958
-62.058218 -135.185652
-81.454775 -152.223479
-38.389332 81.614402
47.709042 142.519636
-79.982537 40.615488
-87.791037 1.908453
-50.036359 114.025996
2.140059 -108.718848
-30.548900 96.288191
30.596312 -38.660717
-16.003512 -101.963719
30.092353 -166.380184
-67.347425 167.906663
83.977462 167.864667
-63.089064 -118.776725
-22.032740 -109.261423
-47.008458 -65.658679
-74.872087 -133.423928
-72.557337 -110.608385
-49.074804 -177.930035
-48.724809 135.772535
-17.935884 -97.041157
55.490255 67.116163
-69.877332 -8.172265
-29.273580 114.968699
-71.673721 -28.302269
-24.052113 159.464633
85.152152 166.573042
41.895075 112.340575
-50.933844 -100.064726
46.386534 -156.786926
81.797513 67.157128
-22.584638 105.044938
17.359076 125.979199
-87.068696 15.119190
73.821149 90.905215
-79.910768 148.595822
74.604676 -67.034658
4.983093 -167.642254
-80.462912 58.773063
-55.804559 129.319622
4.638751 33.037666
84.958474 101.299998
23.963854 116.867431
58.372115 -5.328789
-80.310130 171.968988
33.160870 2.406905
-35.993623 -23.996547
-11.429075 -141.182828
-47.502221 -33.447272
-39.134686 -113.074555
1.575962 -137.169813
-35.151691 7.598178
46.353810 -40.252952
-5.217156 101.772136
63.439435 -178.033142
-31.594585 167.289564
31.330933 146.214967
-31.662639 180.000000
-75.712539 -81.469341
-61.473263 -47.832381
-11.954947 156.129450
48.212981 120.834144
10.724759 -45.842918
56.374234 47.649187
-16.109802 -167.710989
-66.190805 -140.100627
-46.493083 -93.677799
75.389236 70.853163
62.971657 -15.265230
13.261522 18.383654
65.421021 -137.886804
-85.923386 73.404663
61.559612 -48.272457
85.325604 -106.842909
44.224464 -83.309857
-6.709777 95.241818
30.065786 14.306874
74.890509 -23.352394
80.715935 55.494019
72.676618 -138.170072
-50.806740 50.096257
15.877212 37.714707
-50.426607 40.920692
60.183709 -11.147559
-2.384051 71.808990
-20.003239 -75.943345
-69.912928 -115.086572
9.771760 -102.991794
19.830173 -28.258358
52.168846 -1.592108
-37.755274 -58.866217
9.654032 8.408849
-20.534959 173.615309
-45.110973 166.305440
24.460931 169.007529
-10.835124 131.388179
-8.990754 117.476426
49.900393 172.620411
82.237206 -13.537195
28.220992 -136.502389
73.221256 149.044663
52.408912 -149.905917
89.718476 -160.816243
12.172479 24.871592
-45.085391 154.863615
-69.460540 39.154872
-10.161702 -56.292739
-17.631014 118.112656
42.890364 -2.623023
-28.154816 -178.878990
-15.761055 -68.651171
8.073750 -119.441344
-86.412335 -102.736438
8.779256 -77.722167
71.971117 135.086938
-8.566553 -74.080320
-7.899300 -135.628069
29.175948 100.490425
-34.809983 43.573107
52.378146 -123.241287
51.586735 -23.603824
-45.632363 146.734254
-77.618366 64.319290
-52.546384 109.875137
1.881661 -53.721452
-11.560659 -159.277569
-13.484111 40.149309
-14.957547 -178.577611
70.291416 103.073743
85.533702 116.818802
-12.122894 31.742605
-74.722404 -98.609843
70.391458 161.905972
-3.978196 63.157582
65.259859 39.057082
-58.973975 45.232442
-1.509336 -109.611733
-5.606807 -3.501305
-32.953264 -136.086427
15.220490 -60.096914
-14.155087 161.301391
76.065136 -154.583205
51.886511 -87.003460
-2.212718 135.363424
78.099065 -76.244002
-16.509646 -160.197720
-79.062487 91.684046
-58.406172 -162.510332
76.140512 146.110383
4.776422 -131.009579
7.563942 -89.801492
39.572376 -160.699437
80.034279 110.488825
60.062523 -11.092678
-42.887575 3.855792
32.144337 26.575918
55.255118 35.010149
-61.332182 127.486373
50.789788 -28.707011
-3.598621 -79.678892
-74.975854 -81.808571
74.747341 -150.505814
3.037859 6.013099
55.462975 -95.496069
21.525047 -49.370467
-41.302014 -164.772986
36.657592 47.444393
24.600979 35.612160
-85.209039 22.403015
70.562847 -122.405120
33.152662 84.537146
18.141246 -62.081966
70.255216 68.399750
-53.671602 -133.882201
23.045074 146.569637
50.347389 79.991768
-43.567310 48.029039
40.037447 -64.655804
-84.785158 120.094556
-7.292247 -55.328615
-79.831606 125.178541
43.361522 111.492866
-25.039526 -141.045681
29.712860 -141.001876
48.202484 -148.031148
63.947376 48.605686
-82.198210 -106.800602
-52.397671 133.766443
-24.210953 118.351193
-26.920874 24.917716
80.846273 -62.843630
69.732893 175.574153
34.119924 33.057447
50.493042 171.462220
-47.116647 -82.751526
13.480557 -80.987999
57.751340 -135.282053
-24.259330 -122.649661
-6.619598 131.739165
89.514961 -120.466477
6.726498 -9.103081
-53.762818 -75.335483
6.954351 158.244433
-26.151050 -179.520136
22.675394 -12.981833
-6.959745 -76.018378
-30.179993 126.569440
-23.360231 60.182806
-16.505841 50.705117
-73.140538 -42.355040
40.871798 82.571340
71.018237 88.865869
37.801679 -120.903903
-80.226511 -82.261736
-6.706508 49.917496
3.966702 71.750648
57.998197 124.678156
-84.754768 41.153146
48.100408 131.052586
-16.821285 -79.192627
-75.769527 51.131425
75.958068 -139.090149
-2.491060 97.705864
57.005847 -25.475050
19.169122 72.602975
56.066652 148.221350
35.183377 -74.965083
-5.454914 -116.868446
45.829565 -154.446472
-42.381141 -165.359343
-59.817467 104.888400
-50.275376 60.953249
39.442378 138.831264
-34.400470 99.988321
-30.634683 -93.408178
41.145203 -48.049365
3.841860 98.832494
14.195453 150.690770
-34.793903 71.980209
39.821801 -134.406962
-32.190433 -41.124088
-54.288212 -31.965897
88.793298 144.511327
3.085049 -156.359486
68.844817 -81.061323
-37.761104 -115.200766
-76.074169 -173.774767
-46.199250 60.711123
45.830524 -157.396274
36.428879 107.134747
17.665169 -177.670069
6.036529 89.412573
53.513158 -0.010746
-44.437464 -59.403134
-76.521957 27.828009
26.581786 74.499609
85.061516 -9.491573
-33.653598 -75.396853
84.369941 -16.694692
-39.147548 31.442136
-19.806183 -9.916340
-64.962044 -80.900673
-55.815455 65.284002
-69.702929 -175.886842
-39.935142 140.006412
-41.471801 -4.367764
31.981529 -123.692351
67.911706 123.243253
33.735639 52.429075
-58.720003 -159.475923
46.984499 -151.331066
-79.114150 17.091148
43.300286 -24.992417
69.487990 -125.783318
-8.932024 -74.498166
-70.129770 72.885848
72.649051 -49.515408
35.050965 -133.003876
-0.684876 126.637492
44.896104 153.691523
-85.990310 156.493564
55.398606 152.248184
-41.764589 32.963163
-70.896363 26.948297
55.706581 52.271044
-24.636537 -151.153215
79.747573 111.313905
-88.990791 -78.349302
-83.386771 44.032136
-47.920472 -154.244631
-50.859221 -41.009248
-6.473693 65.218155
64.649481 133.426922
29.340695 -117.779027
-71.582106 101.074995
-61.840915 147.795226
71.216600 167.617229
87.651211 54.387059
-27.528042 -70.468182
2.785055 39.834374
-58.007878 -167.275034
61.919420 127.557124
-42.310759 34.164534
71.503999 71.196966
56.878536 -61.683631
16.484593 -35.912445
78.193421 -91.744718
-80.439997 -168.745146
-4.958437 -139.199017
-44.224463 73.807018
-9.021398 127.734156
24.262636 63.962224
77.681323 -55.758972
-46.692338 -8.983127
-85.344837 166.338399
51.430709 -70.243464
78.603331 19.705537
-60.744510 96.289954
62.152855 171.740280
-66.517225 -140.795246
-26.251887 107.753519
-11.576482 -128.642489
-45.398596 -81.859720
-39.582789 -78.114309
-26.557899 143.345059
32.285464 -138.775328
5.427133 -70.052356
-48.973933 -62.744797
-25.906445 -110.295065
10.260897 -48.773161
-83.885768 -165.628017
-48.347851 165.931067
24.211837 -38.268953
71.173649 2.301531
16.874019 -7.228076
11.720045 99.476364
21.527113 72.996709
-81.782057 87.983520
-28.986085 77.824557
8.089704 83.156071
88.560426 -39.087425
-45.001994 -92.795685
68.123308 -84.638073
39.560999 28.757928
58.602805 57.832172
-63.891885 -4.120377
76.648560 165.006519
38.059678 107.980411
-39.649079 78.047077
-65.283698 -80.932377
57.637059 -91.940401
-27.161934 -163.777377
-12.799800 -102.480048
72.811942 136.730167
-33.659218 113.677330
83.255869 -109.088492
44.918200 -69.605135
-77.356671 -26.672052
-68.170852 -64.141543
29.128769 -127.223103
21.016372 -119.329354
3.272221 52.717671
-56.079896 -134.474911
38.420340 84.120271
-51.711968 71.885161
1.438601 44.312532
-7.156329 126.964619
-53.510079 -175.077093
64.033965 63.895349
76.916408 119.418294
-83.711724 -94.682271
-64.317587 167.884058
-65.145667 -9.217275
61.808776 57.434615
53.240208 -77.721776
5.179434 -115.099866
20.672006 -65.681225
-79.627072 96.548978
-29.738267 -158.223669
-19.067016 -51.270243
48.408980 -105.747887
-7.261651 100.211384
32.246450 159.850566
41.443199 -1.466051
18.133828 120.881984
20.927835 -40.179529
-47.153232 134.590113
75.633957 -16.143198
-13.173031 -71.529168
-23.989153 47.517720
-44.925580 127.575328
-17.377630 94.008614
70.003209 152.514548
16.803730 112.079944
76.422807 -112.015812
7.905559 -100.366434
37.796463 -0.911557
44.017738 -18.983858
-43.791418 75.163182
60.400775 83.113192
-84.953433 -41.337886
-8.112203 -118.768348
71.016794 41.967265
-44.452655 -12.117795
-0.315008 7.907738
-76.073221 -69.916612
34.961718 152.813955
-75.880794 -145.691279
65.337496 51.529303
-55.569679 25.291540
-45.712998 8.615961
10.858332 -146.417400
-11.815182 -40.936567
84.257579 74.745004
-75.848604 -176.166543
54.250069 -34.401087
-34.495881 89.836954
-46.293380 171.091996
-68.854629 -139.294446
29.874350 -147.348694
-34.147307 -61.866661
-51.629298 -17.302887
-30.324392 -33.791524
-43.455961 -126.704896
72.208719 85.629119
7.690547 22.062210
-85.370532 8.897601
-68.027988 62.996882
4.575051 47.902415
69.016434 -178.281747
27.212149 108.452852
80.515365 -142.869749
48.903278 83.327936
13.383874 22.685811
-30.061582 10.225426
-15.747677 43.803682
16.574850 154.908542
23.470626 -164.940781
78.723135 -6.733904
59.706136 -48.242149
-54.138250 -48.945911
-33.576314 -100.140861
4.377838 51.945221
-30.339129 -137.013276
-84.287748 -67.228827
-78.465755 146.731027
85.079456 122.395946
-68.715057 -113.481910
-85.946534 -178.627677
-16.612929 -115.490254
-88.225969 48.969755
-80.687544 -106.970356
-74.931683 172.696752
34.285650 170.015298
63.587798 -93.028116
-35.533586 -21.893036
-35.783462 -37.238923
68.590431 -37.321715
-64.806048 27.285620
8.595914 109.785089
38.131156 169.341158
-6.504865 -156.446040
11.758843 -41.164221
7.515704 35.893101
-31.658700 -135.679484
63.128380 -46.860762
-68.689799 84.433735
-82.450341 -167.787855
-86.444093 90.797976
-49.830601 -112.284019
-87.386698 -167.687289
-3.603941 -93.054751
-30.783111 6.498147
-79.756479 47.064262
75.712694 -146.934610
-77.680630 -34.774690
-9.579433 -57.284526
12.572731 10.650651
15.156874 -108.079039
5.997343 -167.539037
-78.731261 -29.251667
22.405587 118.883005
79.638569 -145.710839
-10.229751 92.407119
-48.927516 152.828631
-45.699730 100.811280
-87.156436 -174.183931
89.151784 -16.990515
-45.413794 -120.320487
-62.518832 120.588563
82.935986 156.183126
33.900397 -153.686396
-44.359790 -6.900890
5.238236 22.812574
30.127305 -94.549404
79.572819 127.968279
27.619232 85.133492
82.348275 -49.030499
27.423491 7.424045
-59.441340 179.901674
64.521114 171.628703
58.957703 89.287919
23.362170 -33.351942
6.041985 -2.892381
76.566124 -113.412518
-86.164510 70.844302
-11.361900 6.575308
-13.115228 43.563662
-0.378361 -58.792219
20.472882 -160.319123
-42.977611 135.324031
70.593289 -153.077589
82.557168 -109.344037
-51.764268 73.469842
54.739658 40.332365
-12.320469 146.281651
-86.268017 65.107012
14.170077 30.390549
36.828905 97.886070
-52.142343 -126.262315
40.797553 72.825484
53.507745 -172.084543
43.002157 177.314421
72.157233 -85.022772
9.176884 174.573873
-56.814879 49.737719
73.152255 -94.649726
36.177019 156.189965
3.747727 -108.876765
-45.367797 -22.671322
10.186311 -84.154570
70.317066 -121.497442
56.835242 175.346965
-44.244179 -86.566323
-6.496762 -125.131091
56.009843 -35.707367
43.278965 163.798773
-1.527267 48.360590
3.834869 112.132674
-16.268324 44.782064
-82.715052 -176.286248
-74.120840 9.648249
85.875393 -132.573173
2.919397 33.868854
34.417938 1.662123
-55.104096 180.000000
47.929820 -33.339277
55.854391 -115.386026
1.662105 -138.973548
-55.293785 -90.591878
12.619010 -56.711481
-35.820538 23.479582
-7.070593 9.441931
46.488171 -122.937010
-75.441551 153.221913
-52.805125 175.531393
75.699375 -63.603553
49.832622 -69.189125
-33.943421 -133.022137
-19.804354 -142.804690
87.690092 124.082748
39.521559 -85.868311
14.317398 -2.182490
48.916129 -74.457720
-20.851765 133.723524
-57.766396 26.019599
19.819192 -151.240123
-85.889553 115.532102
-13.427834 27.556668
4.781720 -0.889882
32.244756 48.340626
-88.106180 -142.471415
-43.817050 178.330753
-60.377669 -165.685107
79.633707 97.196435
-67.252527 129.321394
-21.235446 60.583470
36.035847 47.188473
-23.842284 -123.745671
27.797465 -104.082594
29.597290 170.498150
70.423973 -59.896808
42.397178 120.872586
87.128010 165.910322
68.010025 -158.497947
13.951710 -105.270874
25.487828 -106.233102
50.819463 11.968807
-57.848853 35.750376
48.811071 21.105182
-45.381522 -91.025127
-54.991853 -47.856960
77.181994 69.712135
-34.906339 130.685398
-59.496709 -134.149032
-26.403201 176.742193
12.667263 175.042837
-78.827244 21.297590
-38.553529 148.396776
72.237683 71.638942
18.138565 -125.287250
-11.457479 -27.006467
0.693428 -126.341952
-36.278429 116.253277
86.266821 51.913375
-52.421035 168.759125
-12.812084 168.718408
28.415492 -119.905081
34.961125 119.739391
-12.216216 84.444629
31.219571 -110.980958
-84.867988 -58.140458
-65.341410 -64.386072
2.413595 -119.567552
59.622949 -79.313248
-88.001575 -114.661663
-19.817749 153.108079
11.981959 9.504867
-67.765239 -110.714157
-62.327165 154.694517
87.602544 53.519664
36.111548 -95.617950
13.809488 -64.466344
-67.122627 -103.588030
29.533377 6.318820
-53.991842 -17.135778
29.128594 -119.895221
51.158735 33.743419
-28.814316 -97.030841
-4.216045 -53.765235
41.476569 26.746747
-81.005025 76.010211
-41.780788 116.390206
18.834841 57.877543
-47.576825 113.963041
-11.144163 -63.250330
-57.521987 -78.515346
43.452584 -95.118843
7.919002 158.056704
-41.007740 4.936552
22.509311 -145.544762
75.751406 -118.286799
14.175804 40.419973
63.911326 162.171899
-25.126065 12.846151
17.337695 -90.848916
-44.474751 -152.001355
-54.183034 99.436411
-72.023639 12.658025
-74.534346 -126.012088
66.192230 -82.434251
-89.021757 169.591128
-50.833831 -11.803090
88.536493 -23.258844
24.002766 -73.240288
-29.744226 75.194900
-88.176148 -46.030200
4.778926 -64.349842
73.982252 -88.923656
74.738859 -35.040707
54.329545 55.656399
67.165595 -75.026080
8.996946 101.529697
81.949477 -3.338570
-83.279467 -18.430224
23.718256 -87.833019
-24.326633 -20.360301
-86.052838 -45.526048
-60.357914 134.075317
88.645712 128.605901
59.813623 0.980880
-40.439121 -145.977169
76.254191 -122.321723
35.928073 -34.213616
24.220185 -41.580877
-35.947535 -151.538295
-58.392883 -155.287335
-29.506316 -159.851837
70.406207 -29.233477
9.024506 -11.365910
-75.309618 94.039539
-31.201604 148.359886
-67.377516 -124.032659
40.734965 -132.152677
-65.260875 25.020363
56.748211 -123.384077
-11.755694 -149.127679
14.051480 -56.566190
-80.391002 59.127987
-47.754274 -131.107359
24.298502 178.495432
88.871950 103.998698
-1.964027 118.415450
38.875275 -53.194243
67.554075 73.872699
60.022802 85.006669
72.514634 -98.278038
36.299867 -174.776337
17.888691 19.469931
84.228339 11.494724
-14.055978 33.387690
72.642673 -52.564539
-55.001272 57.802743
-4.226063 21.845750
-82.846716 110.176706
10.306397 -25.911438
-69.554484 -0.131913
-89.800408 -79.760261
-87.216803 -161.425204
-39.900130 -77.566833
89.887446 -145.067860
-14.533267 -70.177421
21.913799 161.533824
86.897140 -92.824420
-56.725867 129.690068
6.838932 123.866658
-43.987088 -68.652623
-13.330299 -123.681344
-28.051942 -21.506705
-4.857284 110.291796
-53.035623 178.264374
-33.782927 40.951484
-21.322010 -179.061787
-61.841692 59.432685
72.013689 -120.064819
72.612219 -53.888036
49.312443 24.652749
-42.664552 108.862192
23.188597 -34.377837
-17.677243 -59.285666
30.615073 141.085324
-21.968517 27.267547
85.346505 18.413175
17.993663 75.338232
56.585222 128.925064
-73.909091 -73.549220
0.111209 -44.521547
-24.875046 -10.692354
-9.648579 -164.431353
-6.541637 -124.565566
37.934857 86.613970
-43.512643 80.355960
-75.788311 -15.645217
57.584189 -76.958164
-13.817182 -14.002905
-28.089244 -141.609576
82.211809 44.581775
79.727921 162.602571
11.826657 -53.255836
-13.789927 117.429054
61.866402 -135.444312
48.456474 -123.371266
2.004045 106.397501
23.163788 33.297407
-25.908668 -129.715231
54.291264 -4.376276
32.869597 71.595660
88.989095 -33.615944
88.171901 79.578260
83.075109 79.365446
-79.147957 88.800559
12.905315 148.312496
-71.086021 -5.097479
69.733339 -66.600963
-61.978715 -134.742771
-36.381502 -49.981262
-81.431688 76.899630
28.763071 -81.670431
-62.182369 22.375697
-5.203260 -73.777220
82.399035 -3.124963
63.334161 175.663540
-30.752779 -68.209811
-55.187009 5.377941
-71.153441 143.137038
36.728074 60.309343
69.122119 147.188660
-36.912908 -52.209510
-22.580419 86.147756
-48.144221 -56.289277
-77.995309 -91.742623
22.213877 -45.780926
-67.148023 151.649546
-80.124217 -30.741935
-39.137472 -176.193332
43.870574 -100.457287
89.082203 -151.200135
28.927172 120.216727
-20.800554 -37.537475
-0.026948 -67.853260
32.680729 109.233302
84.950432 -51.258393
-74.318593 -47.889680
34.622622 -174.174138
-84.133156 178.870458
35.481256 32.740764
-16.780999 75.930382
28.289723 52.626016
78.303160 -119.528713
-63.921714 -11.486087
87.322276 -161.333284
-77.248951 -45.707120
53.322588 113.428522
5.969101 127.266628
-89.921581 59.043755
59.477061 -52.545084
11.263266 167.061655
-71.964419 1.745345
34.980640 127.972719
-49.640244 -96.504697
-42.651492 -121.379228
8.900375 -155.984810
-89.448996 18.736874
-64.487405 -57.482432
-1.400135 -72.626327
-46.714247 117.604273
25.641547 -70.684109
-44.532722 38.053128
-7.854331 -15.709495
33.257801 176.805064
-29.499602 131.802680
-55.151903 -178.802799
-13.242487 129.254270
84.285328 -14.774306
-52.790174 -146.700989
-19.795179 -37.612975
43.364480 115.998975
31.088326 -30.264437
-69.861695 160.341345
-72.469095 10.291049
-17.606433 161.669921
-7.176146 -54.020091
9.946927 -115.190875
79.072380 -108.512798
-70.141427 3.887003
-48.595539 -136.537261
76.062739 161.766036
-57.951535 -37.772977
-39.891669 -167.898934
20.002401 133.098056
78.263800 -179.794598
3.799391 174.621096
