500
-25.154415 -14.951333
-16.904962 -22.943816
-85.945500 -158.606740
83.250299 91.447834
61.507576 60.200657
23.082360 -85.640982
-0.588702 -39.755309
-35.992099 125.173935
28.238405 136.527399
-72.791917 146.267484
70.966100 43.825083
-26.774124 -115.972080
1.703964 -66.257805
89.915110 -4.736988
-31.914537 -120.426617
6.655027 -72.403915
18.361211 -164.586625
18.601862 38.447905
-7.132889 0.069721
24.698069 -72.908504
73.918412 -60.888410
48.339671 -177.439744
-17.621040 87.117002
-32.734834 -10.210137
-45.768622 -53.264524
-83.206591 83.649047
-27.188559 82.495282
52.334126 118.128698
88.345011 -55.656291
-55.995660 -120.527696
-89.826984 167.794610
9.853356 73.242896
16.359262 -68.937606
79.102570 97.664733
39.543614 6.986983
-22.608210 -158.909533
70.422177 -110.479348
72.052007 -132.076284
-79.344038 -11.703974
-58.104841 -72.712521
43.389413 180.000000
1.855300 94.238488
-12.189896 -109.707211
76.064789 138.550525
-63.014711 17.357377
-70.944589 -50.305187
22.274693 177.432861
-40.491802 -174.961021
84.556189 -166.332058
7.235322 71.822168
-47.749125 105.447379
65.368310 89.733999
-8.088617 -43.111271
63.564930 18.745116
-58.815373 11.543036
-20.222523 -174.006455
73.794390 51.093932
25.252293 -146.232451
-24.682750 141.977222
31.451463 74.611211
-29.382618 -103.380788
-31.711052 -58.865491
-84.714578 22.753154
81.167488 -137.701490
56.846053 -134.296135
4.479948 48.411205
59.725021 141.719460
76.482327 155.004550
-45.389278 105.487601
-34.675171 94.016324
89.641295 100.051136
54.862536 96.306420
18.324075 116.325058
-33.883032 159.078764
68.975472 174.836943
-36.611287 -71.769591
33.498537 -2.171402
-78.988830 -63.392140
53.107169 48.505512
-86.289299 -152.492129
-26.923886 -157.477593
-82.138704 133.875173
10.644192 69.830984
44.108246 -13.787859
-56.012109 -130.940614
85.934836 5.266218
83.212802 139.458060
67.023297 0.996289
-61.193872 22.181669
-13.574906 129.597759
6.168569 88.205618
72.381634 102.682352
-46.937150 -6.155599
-29.335997 -95.536378
60.559823 -14.511580
81.175376 102.839287
64.933142 -54.625566
-89.774272 -75.565286
-69.982823 151.546892
12.209196 -158.216386
77.053072 -21.447343
-47.872305 89.819131
34.296770 88.999274
-57.921185 40.306635
87.345634 46.638239
-84.534119 -9.722472
-54.001398 -20.015226
33.766979 70.494687
0.146487 28.520400
-25.219558 111.435722
-71.709677 -61.970171
23.614023 54.533999
10.740435 125.076187
30.797943 66.509857
75.180156 19.617316
-53.127115 16.607761
-4.386620 1.213718
-69.815279 -175.849774
22.284435 143.854030
-81.049227 -158.888674
-8.979863 98.327716
-69.352379 131.956538
-51.553208 109.767783
69.717922 -2.347192
89.420515 -169.733246
-73.287654 64.538878
42.380176 -114.314531
-85.659007 111.100510
-17.947808 -153.444164
-54.575600 -108.635594
-54.384487 22.741760
-67.683231 -101.468509
-36.107472 -103.662723
-59.237193 -115.510669
-64.762150 45.773959
20.684631 -21.988534
-83.809255 -63.203029
82.333212 -93.429907
-3.862179 -89.958537
4.867219 -171.525200
65.544322 -113.815879
-40.815689 -141.572910
-3.218256 94.451359
5.379037 9.275432
29.461994 86.290853
0.482796 23.011397
-51.216139 57.463158
-71.076889 -56.098120
24.026847 100.599676
-4.483630 131.589414
2.719092 59.814412
-4.717485 20.328630
-0.239606 96.123113
-23.261400 -173.559250
31.593665 54.555538
37.273625 -169.128626
68.957080 162.992559
-52.878923 -105.616555
-78.766460 -71.061154
40.691610 -44.820939
-44.921887 74.961903
-45.134157 -84.502811
75.691775 153.631056
87.310189 -145.405561
-84.349208 163.285088
-61.869830 -77.564761
-30.955962 -148.027113
-88.379283 75.058142
-74.287362 -37.422164
58.692415 136.494818
-46.158060 162.669876
75.795598 52.269191
-71.172830 -17.290322
85.536108 1.567715
41.880344 49.533208
31.266871 -42.654135
68.458666 -93.103739
-16.024228 5.435938
37.629392 59.729972
-9.090366 75.774148
-87.003691 -29.978517
14.994121 101.271557
88.182290 130.923570
-25.023583 6.938956
15.412602 -114.783974
14.784431 -126.330199
38.839500 -88.972469
-24.194076 -90.747373
-77.311626 -49.415831
-67.736566 -138.633721
-64.719717 -178.345949
6.823264 13.458617
6.021671 -105.622645
73.767367 -110.171932
-85.457088 46.451984
-73.693570 124.842674
-69.407415 -177.974635
-74.922772 -28.519428
-76.853174 131.730163
-63.665923 131.689164
-51.475579 -33.836554
-82.461722 21.657992
-7.536479 -34.760302
34.689674 160.598191
84.141854 22.952984
-42.313480 -111.695789
73.057159 57.002723
-51.731333 0.503351
-47.225656 137.758733
35.232330 154.644229
-38.806797 145.460148
27.048706 26.595964
25.929344 27.141761
61.858823 75.316267
45.322895 25.110344
-11.349333 34.753906
21.248257 -31.603718
38.360098 156.734554
26.289361 -70.844350
52.087250 -86.070713
12.543148 15.155898
72.495568 -0.311303
-7.119389 -52.222626
-71.841025 74.386763
1.301457 -44.296066
16.719130 44.971875
13.491773 77.413798
74.227353 73.585212
8.113828 141.577554
2.390681 -85.543703
89.227388 99.230824
86.186695 123.904188
-89.251065 50.838242
-31.201593 109.058437
-2.075434 96.010929
-22.356774 35.626834
-33.872968 50.479993
-57.493432 128.778317
-53.295446 172.948786
47.756229 78.100577
48.071210 102.182757
-54.348261 -27.495364
54.999507 -23.833608
-24.331173 128.629797
36.884635 -57.062591
51.818337 58.532028
36.799668 -15.698424
-81.861944 -152.314742
-39.703671 -112.538986
-71.181282 115.718786
61.818639 31.460786
-22.056932 80.931778
-51.295422 141.554899
-78.517995 179.246873
1.639550 -112.166801
-63.970622 165.195606
-14.517840 124.409649
47.663830 38.283266
-29.293083 -1.480023
-19.284048 38.934100
-89.772338 -41.883268
32.183115 -43.352503
-67.456576 56.571380
-9.276309 52.028604
-26.123208 -59.733401
17.084550 -40.058026
-46.022605 -7.662142
50.944888 -27.199526
-61.355481 -125.777667
70.142742 -178.269577
-34.175266 171.125177
-57.807001 118.886917
-68.582287 43.799138
35.182809 99.024571
21.660769 83.284111
74.588872 -90.968677
-67.783733 111.815646
23.787202 -18.113058
-80.889518 110.678295
2.501704 -99.494763
-34.066744 -77.540843
-84.858260 -14.964826
80.646447 111.352657
43.301390 -146.603610
35.935207 -34.568198
18.807204 140.085047
-24.433869 15.302119
-73.696064 -107.645195
-27.001203 175.809717
68.996763 -76.173962
-53.103793 69.228140
62.718967 -108.501555
44.542256 98.046665
80.571315 144.829019
-58.660937 37.369055
-1.998655 -153.834143
47.449507 2.711039
6.489095 -131.357934
81.265095 -170.598813
-33.784449 45.521840
-56.918439 -119.837763
67.046839 -15.548815
-80.394679 -145.036806
68.961330 100.226987
52.543983 13.637759
-35.703642 -158.310142
-57.439657 82.024772
-55.467363 46.884836
-33.103840 -46.522426
79.352415 75.426948
-60.552142 8.347472
-62.684967 -36.506767
-69.426859 40.984271
-27.347951 56.240750
27.895687 118.785173
-47.022382 96.995073
36.807499 111.337832
10.424687 177.236170
-8.463769 22.226991
-66.477887 -64.978353
-74.628998 -150.838404
24.786747 -96.947240
-53.815736 -75.649069
76.746813 108.266039
20.005482 124.546546
-76.315627 -153.157275
-12.728192 -40.418257
29.321700 -97.749776
37.459983 136.893972
-60.753552 128.234231
-21.336374 -124.842828
-33.382219 -119.269017
-29.976922 -10.137246
-55.397046 41.832593
47.146826 7.457218
27.959779 42.394448
-38.145591 169.264213
29.151587 -27.958402
-55.377494 -30.791500
-49.244981 122.880087
5.564445 -57.017233
88.224277 83.093861
-76.183327 -69.340210
80.736422 -161.810161
56.839693 100.703163
8.659654 152.715284
-1.101363 125.308948
33.319915 -131.051666
56.153428 66.610177
43.607393 -120.912080
-40.140928 64.246777
-49.678966 -36.045421
40.163848 -96.243255
-25.943122 -155.321394
27.172945 -76.615211
-7.541170 145.716751
60.147235 -37.783681
54.823564 -159.556594
24.204831 49.612757
-14.642526 127.259854
-25.259931 -48.007870
1.700040 139.288051
7.359377 173.285755
21.816606 64.522701
-13.293243 58.625158
-82.372355 -16.485763
-27.983939 5.482492
77.600823 -25.351733
67.204190 -55.244782
-22.002554 91.032474
-46.691904 140.691280
50.813073 101.275388
40.657138 21.575107
-5.405742 -127.258010
-41.059528 41.379465
60.812852 -172.360225
13.439031 -61.516749
36.474721 -106.819150
-37.267404 -154.893332
61.197005 180.000000
56.099500 180.000000
28.354097 49.486965
20.488064 45.175170
47.221637 -159.942813
65.751331 109.143195
74.521567 -150.848750
-88.562874 171.820167
-4.166284 -35.818080
-18.370471 174.228704
-49.393997 137.724071
-57.038921 24.408110
-65.807026 0.321535
-73.658150 52.627139
19.130381 -60.042456
44.059563 -10.981433
-34.881355 -47.918374
8.204759 39.302738
36.697765 155.931151
76.073855 -53.163381
-47.074107 36.246970
35.035186 85.842633
44.492874 78.275705
-25.576965 9.198840
-46.169148 -47.958619
-51.672945 -83.018251
51.001446 -103.776664
33.193377 -124.475813
35.505239 87.894818
-30.935953 68.026534
79.445459 60.930316
58.459161 -86.421221
-50.442599 1.911650
-19.956431 177.127954
-25.360734 42.643470
35.464147 68.734638
88.515482 60.655274
-87.581484 109.099632
44.700166 94.274350
64.974744 -111.199487
-47.787120 -179.756992
47.848874 1.304398
59.245435 131.250395
61.988501 55.461216
42.956730 145.823909
78.004173 149.107681
-21.317920 -14.173018
-22.355989 34.765797
-38.105884 122.769943
-69.935196 -64.182664
39.430986 -74.369228
-84.485065 -129.613354
-37.076300 -101.016072
-26.334814 177.255246
71.288767 -106.718571
25.189313 -106.031063
-31.945553 77.163691
-19.602974 -68.773606
65.873912 -19.369419
15.706288 -69.935515
59.341510 47.067238
-67.492455 -105.438127
-63.037600 -57.335900
-73.549164 -70.655220
15.914837 53.533599
-14.441033 -3.363377
-19.290004 79.716965
56.697836 4.333796
-58.929021 -138.209267
80.783699 120.978653
-1.264353 58.471369
5.733962 176.855868
-21.832014 103.463352
49.222039 -95.649999
75.265801 -116.032389
-18.562835 57.654160
-47.010117 87.815764
-3.870370 136.667864
86.347213 -1.968411
78.459935 -87.087250
27.043088 179.691456
45.017472 106.129422
-8.402312 -129.794550
61.829575 -30.044537
63.207686 -4.227453
-40.322181 13.773590
-84.618981 -72.144930
38.509342 -99.044394
24.675556 -152.620449
64.509765 135.719773
34.003137 -159.961170
80.658804 -176.067831
70.191703 -32.360878
44.922082 -94.355276
52.949667 68.104658
51.929554 38.558093
54.060842 -97.517656
7.073492 -91.054262
15.409151 -105.062997
58.226514 53.583767
47.277353 -4.703484
-23.660872 -108.109130
-53.908521 144.812821
-39.162398 -8.001529
26.017314 -25.718818
39.049945 -53.867537
-43.427866 -6.209624
-58.146485 9.981647
70.661541 -168.597629
27.598102 9.414188
21.760873 -133.565035
21.167590 -19.340720
-28.080836 -77.486696
20.855758 -144.829409
-70.947796 -143.790490
-70.238148 -176.946401
47.779336 155.543725
60.314629 -22.118491
-60.140030 104.793158
-68.019902 -44.337698
59.041954 102.594127
10.167203 -99.564229
58.126138 161.942297
11.702459 -176.704431
68.208323 -133.209367
-41.335760 -170.696181
-88.811693 -97.271727
-39.995182 -8.793061
79.077361 89.543753
59.141404 -12.955267
-42.321263 93.797471
-26.181779 -4.531513
74.977462 137.160775
58.501352 109.489240
70.436454 -34.110762
4.345593 157.196019
-2.304995 -73.246906
34.269296 -6.721753
-22.483568 98.186179
70.754349 111.805810
30.966370 -110.322194
-50.930440 -122.095809
-34.436984 -87.492492
48.696381 -46.400765
83.739921 -105.365526
47.187881 -138.441685
-48.607038 105.892836
-44.090297 -60.063303
-38.751358 125.425193
44.229610 -177.451300
43.317199 67.831203
-56.172596 -127.493420
-28.463913 -26.385160
70.896072 -166.606536
67.962127 -95.353176
5.256193 143.848688
-29.512198 47.332104
11.707552 -147.484835
-61.240176 -105.303953
-70.451383 -7.844549
68.528954 -40.623899
-15.532464 -44.383649
88.267704 88.591953
52.209454 -28.675588
10.868186 166.372362
-78.631450 -27.443451
80.330048 17.152537
-86.660353 -124.250033
-32.699632 19.687227
19.708833 -107.056752
-81.695984 28.919779
-55.294603 88.548090
79.775222 126.030251
42.795242 80.909708
-8.361604 64.231393
88.405610 74.566583
31.072729 -161.771827
72.200765 163.403236
81.430986 -31.064001
-74.264063 130.697002
-64.288120 162.663174
-34.881602 -35.989462
-82.645922 14.773931
-74.675308 -84.985151
25.189475 87.848432
24.733509 -68.785676
5.515646 -74.008959
-33.906710 3.949452
-4.690013 114.999959
82.144051 -109.755385
-35.191393 48.124250
42.111585 -150.341905
-16.185370 -38.003323
-56.857627 171.711001
31.495456 -92.659152
16.565303 -123.857847
-66.230850 -45.464760
-47.493295 19.615283
-22.887268 -89.241394
82.229762 129.129811
-60.563822 -8.390274
28.106945 -31.343897
-89.015462 -12.702216
39.400558 135.264994
-7.973414 121.817895
-9.830855 74.883557
-34.007666 -84.464918
-25.819497 -157.803277
-39.331242 -95.428815
56.724247 -42.724412
-85.260581 86.461658
-2.712227 -79.853093
-20.024998 -113.450046
-0.874156 71.162893
-86.113648 57.509003
-81.306446 142.133543
40.658172 -68.533646
79.758241 132.663442
80.301395 58.759962
19.760159 150.349944
-22.427711 33.112056
-44.581233 158.941900
48.066083 149.915699
-41.076748 54.727080
-13.389299 -169.727115
48.559038 124.905994
-36.689798 -124.389244
-61.941325 -85.361777
19.883983 -92.576817
-47.605063 -9.823009
-39.452402 56.839890
42.415517 100.977592
82.563451 -68.965168
-50.348336 69.918003
-85.428594 -24.115410
-78.474870 69.247882
68.659091 151.757285
-29.823743 13.364651
49.176098 86.007564
-39.934296 53.403806
-76.008290 22.237834
20.666074 -89.406398
-45.270446 136.744144
-26.291139 48.650136
20.095465 -22.133424
-21.863626 -103.471850
-72.861463 34.527204
59.396857 33.418178
-56.043414 -9.532803
-44.366267 -74.735417
-51.506415 -110.596362
-52.600318 87.448915
-22.109838 -82.721227
-32.109115 65.479293
-88.407640 -16.588670
-8.363865 154.736875
-28.647460 99.628520
31.007312 -168.983498
-48.214477 -17.043369
-40.834251 126.575241
-84.328243 27.000212
-28.444139 -10.086670
-57.123858 97.580880
-25.869244 155.732071
-4.126037 -147.565150
75.880438 -137.554247
20.735892 1.799828
67.766243 -78.667190
9.325954 -89.190569
70.939928 -173.343912
19.544566 -103.125656
34.954709 25.340855
46.144031 -21.549668
51.698564 -68.485620
-67.504465 -159.771650
87.486164 -171.579040
-72.644335 152.965980
83.373368 -27.126977
71.520380 119.378810
47.928008 13.442263
35.747979 -18.635780
89.510458 -20.204150
39.498247 40.133675
-82.244037 -9.011446
43.280551 -74.462191
73.770076 -40.968141
68.752186 -101.670017
22.085515 21.753030
79.778323 -107.739729
-44.043000 -160.432979
51.768985 123.048427
-28.031551 153.939717
59.319094 -175.472642
8.625139 -99.841443
6.177826 0.897495
32.922486 102.479713
-44.916627 138.375803
-64.435900 115.374127
34.474508 -135.921785
20.545641 -94.794810
56.469255 26.062936
68.469196 128.846328
37.769352 29.813636
-44.199616 31.172068
-64.119303 -85.365333
37.500455 46.796754
-7.514818 40.442480
42.459658 171.994084
2.113893 17.182802
-56.552536 -80.642018
70.951583 71.683827
-24.453761 -150.912495
67.029899 126.043471
9.138679 -108.647711
-39.677183 -34.285513
86.403530 -176.852079
3.830716 110.624689
46.722469 -21.723989
60.764155 133.503213
2.636529 -6.699710
88.671960 -68.559036
-5.881037 58.456542
-86.615462 -26.739997
-24.892528 69.066856
31.283608 160.392407
-26.400548 -125.981607
82.458895 160.238427
65.258023 27.683438
-12.013644 -158.373836
4.857612 61.449572
55.340534 67.438927
-52.836854 59.186441
-29.412775 -78.363219
42.900726 72.317054
-69.981909 78.195456
69.261157 7.395414
-7.417378 115.510378
29.957187 23.235569
-42.113993 106.898980
18.031210 97.372103
46.730937 -13.918694
-30.534742 -80.194394
-59.733763 -106.509378
-24.060534 136.002394
64.188099 3.507492
-58.275584 -51.637060
75.667130 -86.028999
82.549657 -93.934319
-33.787406 41.270026
-1.980136 -113.591273
83.614120 136.670058
-54.975166 -136.220166
86.803761 136.296977
50.082028 -56.235906
-19.845298 -23.113683
-7.963049 82.675908
-13.949709 114.190273
28.787302 -130.641739
36.040036 74.153438
-78.511737 -31.574061
-72.349645 -3.126262
22.720106 52.062595
30.132279 -162.802903
-5.952998 -75.280041
65.281894 -13.019807
-88.900421 31.382633
-75.456462 90.126908
15.186306 -86.065472
-27.129622 -152.402042
-54.742591 -0.837761
83.214707 76.525950
-73.139514 -43.080542
16.215782 -61.239642
58.972184 -50.148557
22.616861 53.004929
-62.371092 -132.544400
-0.677227 177.901281
-84.128141 -42.723797
-72.552172 20.171672
21.673970 -48.003397
-31.174463 157.464775
9.896850 82.655265
-62.793385 -114.172427
-15.573132 122.462542
-18.943243 28.339090
-8.618648 153.716090
-33.935817 -154.403154
49.681991 -57.691376
-88.860037 115.060294
1.261086 104.802418
-73.327561 -8.794591
-58.542175 60.098932
32.345806 -8.220923
80.949322 -127.861470
23.900597 153.665967
-64.150892 -28.498048
3.407384 30.746744
-69.075777 -13.950835
82.620223 -29.446047
-75.542461 60.762194
-36.643385 -35.713426
20.111469 -125.453148
-22.982286 -177.820425
-51.545475 -104.248048
45.634328 68.043994
82.358712 -174.160364
-50.825401 55.444706
-89.042258 -57.172971
84.139568 157.535512
17.312270 155.964834
-77.434253 -98.247672
65.829535 77.644319
-77.234251 154.163601
70.553372 -168.540646
40.305476 109.157300
-75.976001 176.997232
-39.461704 -115.538817
35.042132 41.772105
-9.258191 111.210711
53.478129 -44.265165
16.723158 -156.417440
40.802280 -5.893127
-59.708942 8.577791
-56.635082 -32.058479
-8.694519 -89.209247
-87.758603 10.633479
72.577555 -84.482914
-29.322121 -110.491097
-80.539454 0.431851
-72.898932 148.627736
13.368739 -141.497872
26.225615 85.613785
69.670674 -73.719975
32.591451 172.773940
-45.379190 -46.934964
58.092763 5.890692
-72.740906 125.303668
-50.654970 -91.785279
18.188211 144.255826
-39.622225 152.507259
-77.367632 -73.153900
85.611725 60.838983
83.197045 -29.508232
79.261558 -48.441899
15.629406 92.205793
89.165076 138.659909
58.432201 103.994000
-13.988850 97.885511
36.111492 23.554720
40.458828 20.208409
-8.623661 109.583995
-42.732814 -58.032399
-24.413889 97.423347
-71.624250 -82.557328
-6.973395 114.866294
-57.684532 176.768908
-25.970086 -88.670617
47.936405 -145.308258
-52.102876 -118.413585
-6.405445 -113.608198
47.347497 -112.259511
40.475339 27.159274
-68.115028 39.328078
5.785897 122.051764
85.005362 72.279465
-83.856442 -100.765068
-8.936890 124.958946
-77.940462 -177.911281
86.093651 117.489023
0.623078 -76.614825
34.322049 -159.648439
-41.314548 99.088286
66.256436 -53.535642
-69.610810 139.885328
37.021045 -76.491159
-68.829028 -17.629356
-86.720053 167.310176
84.728267 71.797699
78.492860 -154.503600
-50.932336 -125.722911
-71.776179 -122.445429
-28.304090 135.751609
65.416599 -53.317714
-32.311253 91.665998
5.543747 -33.930436
56.954897 -81.020503
-37.987360 134.248429
-36.173403 24.458398
-27.097843 23.484469
-83.127555 -90.328438
-55.234060 -157.349140
-86.241875 49.272395
-45.987087 66.213173
-9.327855 88.067552
47.473320 -158.906877
-10.963542 -47.177568
-58.439896 -46.377394
-44.090236 131.268947
-37.584799 -158.275391
58.511179 -161.103930
-14.203405 -163.862301
-34.871421 161.374782
-17.589681 -176.922388
64.208224 -168.098377
-80.346981 175.892326
-71.453934 71.088320
59.105980 175.219349
-19.247950 -47.702864
82.075345 141.794500
69.450611 3.807148
20.251126 -158.155905
-29.864216 -67.622049
65.348541 163.122283
-81.566174 -44.779080
10.247214 153.829303
85.427019 -91.111266
48.313871 49.809748
-80.532584 151.478666
-84.534481 -115.346423
52.647486 -60.991819
65.147941 -26.068218
78.198197 77.571482
86.600290 30.937510
-75.917074 -54.574758
65.256857 -154.777624
11.421011 -48.171987
-81.194239 -146.426184
82.721137 -63.184142
30.059775 -154.587948
-2.987322 7.034499
77.431138 126.135684
-15.169617 70.521393
71.516963 -116.715192
-74.118668 142.864615
58.620380 -167.000100
72.356017 151.593615
-45.113551 82.751164
22.930709 17.231024
24.084378 103.907410
6.235354 -42.001722
50.106946 117.356029
3.916747 27.405761
-27.929506 -118.737821
-88.133214 176.551380
57.021624 -159.184578
-25.657229 -155.825007
-66.965205 -85.286259
83.174618 172.908628
-47.999335 -35.877074
84.287847 -163.814785
-11.005933 79.631717
-21.259382 -34.104002
-12.851263 119.025720
-89.264394 156.857582
-28.543487 -122.545319
20.969826 -41.446967
68.235752 171.804544
31.726743 -128.830434
-49.984057 -122.741837
-61.632986 -118.448863
-47.275142 -10.680440
80.607123 9.799034
59.892067 18.341328
-64.330145 -152.593271
-24.375798 -55.925680
-1.668403 -44.662020
-47.606561 -118.090247
76.777992 -26.391119
76.178193 4.973371
7.665232 -67.204672
12.011374 37.626351
6.623719 133.502666
-83.051431 -29.289516
63.123890 165.895330
-85.691617 -0.518564
23.926817 -118.731162
72.524355 -21.144602
40.552841 -46.101263
-59.579690 -25.779430
46.520419 -117.468997
39.896940 147.224989
-8.389101 -112.795292
7.172883 80.461974
-15.888868 -10.205795
3.388513 -51.761999
-43.669219 173.428627
-79.123010 51.209207
66.034852 119.300638
22.394971 -91.037901
-6.921370 127.798126
65.818101 98.293486
-21.081136 31.928241
-66.805901 33.136692
27.034472 128.052057
-72.149187 -103.621762
41.679963 -118.656043
52.944870 -177.860645
-25.663674 54.250334
-78.351702 -106.878596
81.791910 166.153622
35.503964 -61.697312
87.950452 178.387133
-32.913410 -67.507859
-62.183049 39.973210
-8.442435 -13.071760
-35.212613 -50.175150
-43.653930 -25.321287
-56.620730 -163.312606
-84.688289 -173.622751
53.557510 -38.303365
84.345101 176.147992
-74.496453 123.489884
31.385949 95.547523
-68.377575 -163.580942
-50.700395 -134.104232
4.832872 62.816485
-52.435906 -54.925115
-57.652454 141.789650
-38.884678 68.264130
-10.292437 108.166821
-9.175417 -160.544399
